0.168853 70.450997 144.973146 1.023217 
0.168994 70.468160 145.066558 1.023119 
0.169128 70.466884 145.145225 1.023366 
0.169224 70.471012 145.238208 1.023287 
0.169561 70.462943 145.323797 1.023173 
0.169586 70.464869 145.406742 1.023435 
0.169660 70.462223 145.489695 1.023262 
0.169975 70.463077 145.584225 1.023327 
0.170146 70.465322 145.666052 1.023293 
0.170448 70.454343 145.758819 1.023344 
0.170634 70.465835 145.844147 1.023305 
0.170415 70.453987 145.929540 1.023490 
0.170957 70.453311 146.012933 1.023412 
0.170896 70.452143 146.094125 1.023175 
0.170685 70.446340 146.182456 1.023406 
0.171133 70.447491 146.260094 1.023438 
0.171449 70.450565 146.348889 1.023498 
0.171434 70.445122 146.435877 1.023407 
0.171600 70.437434 146.519471 1.023230 
0.171854 70.437309 146.603838 1.023449 
0.171964 70.433677 146.688833 1.023242 
0.172064 70.436931 146.770878 1.023142 
0.172153 70.428703 146.849853 1.023210 
0.172153 70.427532 146.940873 1.023113 
0.172278 70.423153 147.012782 1.022982 
0.172432 70.424594 147.096365 1.023104 
0.172650 70.426017 147.178022 1.023215 
0.172616 70.427857 147.256123 1.023332 
0.172882 70.411693 147.325829 1.023308 
0.172813 70.412814 147.406990 1.023183 
0.173153 70.407099 147.487592 1.023185 
0.173163 70.409976 147.567100 1.023211 
0.173430 70.413345 147.636778 1.023267 
0.173481 70.414907 147.712544 1.023303 
0.173613 70.406654 147.792433 1.023105 
0.173597 70.399702 147.862675 1.023242 
0.173872 70.404944 147.938005 1.023224 
0.174196 70.412932 148.022091 1.023217 
0.173845 70.405793 148.089344 1.023096 
0.174203 70.402258 148.163907 1.023207 
0.174267 70.397095 148.243362 1.023293 
0.174361 70.395921 148.320776 1.023388 
0.174430 70.392525 148.388158 1.023292 
0.174386 70.396647 148.462058 1.023268 
0.174653 70.400135 148.529544 1.023429 
0.174482 70.390652 148.603093 1.023331 
0.174723 70.392495 148.664515 1.023309 
0.174775 70.388148 148.740332 1.023370 
0.174790 70.384377 148.804249 1.023367 
0.174692 70.382252 148.872555 1.023547 
0.175039 70.383925 148.936506 1.023304 
0.174812 70.381385 148.998215 1.023395 
0.174721 70.383527 149.073572 1.023333 
0.174870 70.388064 149.131963 1.023543 
0.174741 70.381576 149.206952 1.023339 
0.174581 70.381697 149.264197 1.023333 
0.175089 70.379738 149.339885 1.023337 
0.174718 70.386099 149.407369 1.023303 
0.174789 70.376648 149.470306 1.023343 
0.174968 70.380733 149.536927 1.023222 
0.174635 70.379170 149.601424 1.023262 
0.174778 70.372790 149.670192 1.023317 
0.174683 70.375025 149.735345 1.023394 
0.174740 70.370702 149.806337 1.023299 
0.174777 70.373123 149.869425 1.023262 
0.174693 70.380976 149.929671 1.023243 
0.174717 70.373023 149.995193 1.023156 
0.174775 70.374218 150.059586 1.023388 
0.174692 70.377388 150.128135 1.023291 
0.174835 70.374624 150.179238 1.023275 
0.174791 70.378045 150.253921 1.023328 
0.174623 70.372221 150.306524 1.023556 
0.174654 70.375761 150.372606 1.023447 
0.174717 70.377003 150.434053 1.023284 
0.174726 70.373874 150.491785 1.023421 
0.174675 70.379091 150.549123 1.023459 
0.174774 70.379155 150.616208 1.023393 
0.174719 70.388221 150.671634 1.023141 
0.174575 70.383015 150.729768 1.023317 
0.174755 70.383417 150.789984 1.023161 
0.174841 70.386624 150.842215 1.023450 
0.174994 70.384429 150.903723 1.023306 
0.174802 70.394967 150.972437 1.023388 
0.174961 70.381318 151.022764 1.023263 
0.174980 70.387077 151.080164 1.023148 
0.174932 70.388228 151.136219 1.023402 
0.175203 70.382060 151.203476 1.023380 
0.174963 70.383699 151.260978 1.023383 
0.175247 70.382544 151.319472 1.023178 
0.175208 70.381406 151.371631 1.023368 
0.175248 70.378617 151.439348 1.023135 
0.175195 70.379923 151.490419 1.023222 
0.175252 70.373664 151.539812 1.023289 
0.175270 70.375683 151.589923 1.023305 
0.175191 70.377473 151.651087 1.023257 
0.175246 70.368647 151.704586 1.023478 
0.175365 70.355486 151.748280 1.023341 
0.175427 70.368347 151.817794 1.023293 
0.175279 70.375397 151.872432 1.023290 
0.175177 70.378827 151.935758 1.023306 
0.175112 70.375295 151.983319 1.023268 
0.175142 70.374788 152.047468 1.023282 
0.175436 70.369575 152.087790 1.023535 
0.175391 70.374692 152.147633 1.023548 
0.175547 70.368597 152.202641 1.023321 
0.175351 70.374452 152.247280 1.023163 
0.175491 70.370903 152.293239 1.023377 
0.175286 70.364543 152.349685 1.023338 
0.175525 70.371269 152.400635 1.023296 
0.175357 70.368786 152.460014 1.023192 
0.175469 70.377257 152.510431 1.023264 
0.175284 70.367530 152.556049 1.023209 
0.175405 70.366905 152.606523 1.023264 
0.175222 70.366787 152.654819 1.023298 
0.175307 70.363589 152.706911 1.023288 
0.175228 70.365736 152.761217 1.023393 
0.175336 70.365669 152.804071 1.023330 
0.175268 70.364309 152.847927 1.023377 
0.175243 70.365165 152.896496 1.023358 
0.175214 70.362817 152.948265 1.023358 
0.175211 70.363035 152.991080 1.023344 
0.175001 70.362016 153.040647 1.023425 
0.175090 70.362312 153.081585 1.023526 
0.175004 70.361462 153.130249 1.023534 
0.175117 70.365883 153.173840 1.023353 
0.174929 70.361921 153.214025 1.023294 
0.175010 70.357811 153.258479 1.023468 
0.175011 70.364260 153.302917 1.023438 
0.175268 70.367342 153.354823 1.023314 
0.174830 70.368536 153.402412 1.023381 
0.175290 70.364340 153.444771 1.023304 
0.175203 70.358786 153.491672 1.023457 
0.175451 70.360789 153.536256 1.023222 
0.175274 70.362441 153.583419 1.023296 
0.175394 70.364709 153.628425 1.023531 
0.175545 70.366199 153.667656 1.023535 
0.175604 70.360848 153.714968 1.023426 
0.175687 70.367403 153.762318 1.023516 
0.175319 70.363906 153.805762 1.023516 
0.175590 70.373317 153.848819 1.023447 
0.175703 70.370613 153.890048 1.023337 
0.175484 70.367108 153.943288 1.023502 
0.175695 70.364249 153.978708 1.023638 
0.175746 70.372073 154.028521 1.023540 
0.175828 70.374254 154.063968 1.023664 
0.175854 70.375376 154.122269 1.023506 
0.175803 70.372045 154.166853 1.023268 
0.176029 70.373641 154.203951 1.023396 
0.175796 70.367682 154.241718 1.023324 
0.175752 70.364679 154.292017 1.023328 
0.175850 70.368740 154.330515 1.023431 
0.175760 70.372762 154.374469 1.023381 
0.175669 70.367733 154.411650 1.023316 
0.175644 70.373034 154.453781 1.023200 
0.175590 70.368131 154.492047 1.023328 
0.175807 70.372091 154.531775 1.023473 
0.175815 70.369796 154.577084 1.023343 
0.175859 70.375943 154.603405 1.023360 
0.175771 70.364206 154.651725 1.023418 
0.175729 70.374189 154.688489 1.023266 
0.175729 70.373215 154.727875 1.023416 
0.176000 70.376982 154.768386 1.023292 
0.175882 70.374363 154.803906 1.023368 
0.175664 70.377240 154.849310 1.023403 
0.175818 70.378174 154.881534 1.023360 
0.175667 70.378264 154.923206 1.023446 
0.175758 70.373379 154.960548 1.023538 
0.175710 70.370284 154.994217 1.023553 
0.175701 70.372567 155.035499 1.023512 
0.175740 70.362761 155.062195 1.023265 
0.175995 70.367573 155.110008 1.023341 
0.175840 70.373193 155.139040 1.023324 
0.175757 70.377378 155.171366 1.023151 
0.176041 70.375434 155.207327 1.023125 
0.175781 70.375559 155.241837 1.023367 
0.175873 70.378502 155.274311 1.023495 
0.175949 70.379133 155.305903 1.023288 
0.175822 70.383606 155.348298 1.023323 
0.175747 70.378582 155.383066 1.023273 
0.175883 70.380714 155.412999 1.023329 
0.175654 70.385641 155.449342 1.023424 
0.175757 70.386269 155.488596 1.023323 
0.176007 70.386210 155.526315 1.023264 
0.175839 70.383622 155.569876 1.023311 
0.175739 70.382162 155.607463 1.023222 
0.175560 70.381191 155.631387 1.023358 
0.175695 70.378110 155.676601 1.023237 
0.175723 70.378178 155.711813 1.023278 
0.175758 70.386175 155.755448 1.023431 
0.175648 70.385798 155.783138 1.023514 
0.175473 70.384832 155.826833 1.023261 
0.175758 70.386190 155.859118 1.023118 
0.175790 70.383399 155.899328 1.023213 
0.175512 70.389739 155.928100 1.023281 
0.175581 70.390558 155.977223 1.023287 
0.175598 70.390003 156.005816 1.023508 
0.175599 70.394655 156.038220 1.023638 
0.175611 70.390956 156.079626 1.023557 
0.175779 70.397310 156.115491 1.023361 
0.175412 70.387145 156.151196 1.023349 
