0.218373 71.052208 208.385072 1.023031 
0.218345 71.054089 208.415846 1.023072 
0.218313 71.047650 208.442247 1.022891 
0.218448 71.048774 208.456558 1.023118 
0.218503 71.051709 208.481301 1.022974 
0.218541 71.053457 208.501960 1.023044 
0.218613 71.050541 208.529797 1.023070 
0.218516 71.056158 208.558801 1.023102 
0.218669 71.062286 208.581281 1.022986 
0.218774 71.060138 208.607942 1.023164 
0.218645 71.059276 208.634141 1.023204 
0.218726 71.056413 208.659697 1.023047 
0.218655 71.055741 208.674969 1.023221 
0.219037 71.055377 208.703862 1.023030 
0.218484 71.049603 208.731643 1.023064 
0.218526 71.060140 208.750858 1.023044 
0.218692 71.062313 208.772972 1.023122 
0.218545 71.069486 208.798929 1.022975 
0.218731 71.051392 208.809124 1.022888 
0.218557 71.043432 208.830236 1.023010 
0.218616 71.045906 208.851921 1.022936 
0.218785 71.052532 208.874432 1.023021 
0.218850 71.049574 208.888579 1.022923 
0.218532 71.062475 208.917595 1.022998 
0.218881 71.057752 208.940778 1.023074 
0.218656 71.062684 208.966231 1.023137 
0.218731 71.073731 208.989763 1.023195 
0.218725 71.081096 209.012947 1.023269 
0.218813 71.076079 209.037170 1.023126 
0.218766 71.078005 209.059284 1.023114 
0.218700 71.077212 209.083802 1.023290 
0.218960 71.084430 209.104160 1.023225 
0.218864 71.086156 209.115526 1.023146 
0.218912 71.088399 209.142537 1.023199 
0.218928 71.093984 209.155808 1.023047 
0.219126 71.106999 209.180604 1.023044 
0.219319 71.111280 209.203373 1.022906 
0.219146 71.114761 209.219209 1.023129 
0.219390 71.112194 209.236490 1.022958 
0.219575 71.115096 209.256405 1.022995 
0.219628 71.119769 209.280727 1.023131 
0.219717 71.128141 209.302214 1.023074 
0.219688 71.125342 209.326593 1.022815 
0.219921 71.132202 209.340629 1.023171 
0.219961 71.135166 209.378564 1.023038 
0.220203 71.139302 209.390674 1.023219 
0.220070 71.145457 209.410217 1.023016 
0.220075 71.139594 209.426556 1.023154 
0.220074 71.151797 209.454706 1.022989 
0.220284 71.153660 209.459794 1.023082 
0.220277 71.151170 209.487003 1.023077 
0.220093 71.151260 209.501862 1.023265 
0.220421 71.137590 209.513005 1.023234 
0.220283 71.131896 209.527474 1.023196 
0.220757 71.141733 209.538604 1.023120 
0.220257 71.149749 209.572025 1.023202 
0.220294 71.162553 209.590787 1.022942 
0.220631 71.170225 209.626937 1.022960 
0.220535 71.156990 209.638410 1.022979 
0.220588 71.151871 209.661760 1.022996 
0.220644 71.148890 209.683676 1.023064 
0.220557 71.156833 209.711295 1.022927 
0.220631 71.172482 209.733301 1.022948 
0.220795 71.177429 209.754673 1.023170 
0.220822 71.179158 209.779936 1.023368 
0.220737 71.182783 209.790130 1.023307 
0.220791 71.181949 209.818127 1.023256 
0.220843 71.181071 209.835917 1.023283 
0.220703 71.187329 209.869943 1.023127 
0.220726 71.178047 209.860476 1.023140 
0.220578 71.183953 209.892444 1.023252 
0.220646 71.173260 209.912950 1.023095 
0.220687 71.191213 209.929323 1.023032 
0.220498 71.201810 209.960845 1.023196 
0.220516 71.199522 209.975694 1.023339 
0.220499 71.197437 209.998301 1.023198 
0.220678 71.208480 210.016383 1.023161 
0.220359 71.197836 210.018324 1.023271 
0.219926 71.200142 210.033297 1.023139 
0.220316 71.200483 210.052809 1.023455 
0.220056 71.201464 210.074214 1.023071 
0.219890 71.203298 210.078929 1.023170 
0.219891 71.195450 210.097301 1.023236 
0.219794 71.190571 210.115114 1.023335 
0.219581 71.204764 210.131337 1.023248 
0.219582 71.192400 210.145675 1.023125 
0.219239 71.204281 210.169841 1.023116 
0.219270 71.205656 210.184967 1.023189 
0.218992 71.198737 210.201606 1.023230 
0.219004 71.203933 210.219316 1.023291 
0.218729 71.191260 210.230051 1.023234 
0.218682 71.193701 210.254767 1.023042 
0.218593 71.192590 210.267575 1.022949 
0.218403 71.195806 210.280684 1.023123 
0.218445 71.192816 210.302248 1.023146 
0.218231 71.184708 210.322060 1.023218 
0.218020 71.196380 210.337892 1.023243 
0.218002 71.200487 210.352655 1.022996 
0.217889 71.206206 210.378346 1.023139 
0.217668 71.197730 210.389940 1.023257 
0.217619 71.191367 210.400175 1.023151 
0.217541 71.198918 210.411122 1.023255 
0.217030 71.204657 210.423317 1.023297 
0.217122 71.217386 210.450430 1.023170 
0.216740 71.216380 210.466925 1.022996 
0.216573 71.217830 210.472683 1.023262 
0.216858 71.220042 210.492025 1.023244 
0.216615 71.220069 210.498452 1.023312 
0.216472 71.211728 210.508261 1.023241 
0.216390 71.210499 210.526023 1.023210 
0.215978 71.217394 210.534956 1.023234 
0.216147 71.227852 210.542053 1.023232 
0.215723 71.224974 210.553772 1.023028 
0.215706 71.229100 210.571271 1.023146 
0.215257 71.228216 210.580624 1.023168 
0.215296 71.229501 210.599253 1.023158 
0.215143 71.229922 210.609689 1.023343 
0.214818 71.226830 210.618624 1.023079 
0.214779 71.222267 210.630629 1.023210 
0.214803 71.220709 210.642044 1.023273 
0.214388 71.225809 210.657532 1.023345 
0.214169 71.220987 210.680903 1.023213 
0.214124 71.222579 210.680696 1.023309 
0.214137 71.221057 210.689253 1.023085 
0.214224 71.229525 210.708248 1.023184 
0.214107 71.222952 210.723035 1.023245 
0.213757 71.220237 210.732641 1.023070 
0.213774 71.221047 210.747965 1.023224 
0.213540 71.223708 210.756503 1.023309 
0.213331 71.227806 210.778096 1.023364 
0.213475 71.232543 210.795480 1.023327 
0.213259 71.230452 210.810727 1.023364 
0.213176 71.232813 210.828617 1.023224 
0.213079 71.223399 210.835783 1.023284 
0.213215 71.230434 210.855572 1.023181 
0.213042 71.237193 210.886778 1.023379 
0.212754 71.229609 210.895943 1.023368 
0.212730 71.229473 210.912839 1.023215 
0.212712 71.234858 210.933294 1.023226 
0.212650 71.234442 210.942429 1.023305 
0.212457 71.228226 210.974044 1.023271 
0.212261 71.227243 210.981251 1.023278 
0.212259 71.235490 211.002164 1.023288 
0.211939 71.231015 211.013393 1.023335 
0.211956 71.233866 211.035116 1.023238 
0.211802 71.233515 211.052268 1.023339 
0.211867 71.239493 211.076667 1.023227 
0.211771 71.236053 211.085197 1.023262 
0.211674 71.238889 211.107914 1.023209 
0.211684 71.233288 211.117102 1.023133 
0.211327 71.233432 211.133093 1.023311 
0.211470 71.235381 211.153980 1.023141 
0.211494 71.237708 211.168821 1.022838 
0.211162 71.239907 211.185249 1.023164 
0.211455 71.251150 211.203598 1.023230 
0.211175 71.255368 211.228872 1.023273 
0.210909 71.260817 211.237806 1.023246 
0.211114 71.249262 211.253583 1.023137 
0.211087 71.268307 211.272207 1.023237 
0.211155 71.268419 211.274509 1.023196 
0.210706 71.266925 211.294429 1.023015 
0.210848 71.276184 211.294850 1.022924 
0.210535 71.281308 211.310309 1.023127 
0.210850 71.283777 211.310738 1.023064 
0.210702 71.286716 211.319166 1.023193 
0.210774 71.292211 211.326196 1.023135 
0.210799 71.294030 211.335062 1.023342 
0.210905 71.286067 211.339574 1.023009 
0.210878 71.291618 211.343239 1.022985 
0.211168 71.296686 211.351804 1.023148 
0.211211 71.294476 211.359276 1.023143 
0.211106 71.302911 211.367695 1.023475 
0.211245 71.299545 211.374724 1.023311 
0.211444 71.298354 211.389636 1.023187 
0.211335 71.310414 211.397214 1.023249 
0.211543 71.307784 211.406087 1.023504 
0.211760 71.315608 211.428230 1.023219 
0.211607 71.315361 211.432581 1.023142 
0.211744 71.315332 211.436549 1.023100 
0.211954 71.316161 211.442845 1.023111 
0.211841 71.318616 211.445037 1.023082 
0.212146 71.317477 211.447304 1.023270 
0.212193 71.332193 211.456511 1.023083 
0.212047 71.328927 211.469045 1.023095 
0.212151 71.332409 211.466870 1.022879 
0.212528 71.326644 211.478725 1.023288 
0.212446 71.321854 211.480543 1.023102 
0.212814 71.327472 211.484299 1.023186 
0.212818 71.331266 211.489909 1.023157 
0.212637 71.333427 211.485049 1.023095 
0.212717 71.336306 211.494397 1.023109 
0.212759 71.326635 211.485005 1.023168 
0.213035 71.336564 211.481869 1.023091 
0.213311 71.319166 211.475838 1.023265 
0.213622 71.329576 211.475170 1.023270 
0.213501 71.328446 211.469153 1.023510 
0.213542 71.328439 211.474417 1.023143 
0.213541 71.331108 211.471540 1.023096 
0.213815 71.339266 211.466474 1.023325 
0.213941 71.340366 211.475961 1.023207 
