0.210093 74.047286 214.262658 1.022471 
0.124204 74.640901 145.788007 1.022449 
0.124265 74.644556 145.746654 1.022426 
0.124300 74.634799 145.696572 1.022290 
0.124208 74.643765 145.655735 1.022345 
0.124210 74.639296 145.612089 1.022322 
0.124419 74.634870 145.566918 1.022179 
0.124683 74.635555 145.530319 1.022370 
0.124511 74.640764 145.485641 1.022279 
0.124749 74.640597 145.441247 1.022638 
0.124822 74.646134 145.397121 1.022385 
0.124977 74.647231 145.346293 1.022455 
0.124763 74.646650 145.297016 1.022471 
0.125067 74.649076 145.251385 1.022516 
0.124600 74.648355 145.208882 1.022485 
0.124975 74.645163 145.158422 1.022529 
0.125089 74.649269 145.119363 1.022283 
0.125088 74.650032 145.066030 1.022416 
0.125282 74.649355 145.021448 1.022479 
0.125121 74.646201 144.968058 1.022450 
0.125214 74.655306 144.935819 1.022472 
0.125359 74.651932 144.881767 1.022346 
0.125579 74.652698 144.834474 1.022465 
0.125506 74.646350 144.797260 1.022563 
0.125631 74.643688 144.745633 1.022466 
0.125508 74.649076 144.713660 1.022441 
0.125888 74.647190 144.662596 1.022478 
0.125934 74.637755 144.620175 1.022378 
0.125860 74.642431 144.579726 1.022083 
0.125773 74.634463 144.529504 1.022316 
0.125983 74.632472 144.494840 1.022351 
0.125947 74.635014 144.450379 1.022254 
0.125925 74.640087 144.415455 1.022378 
0.126097 74.635665 144.372266 1.022221 
0.126081 74.636816 144.332624 1.022211 
0.126089 74.631643 144.283920 1.022298 
0.126239 74.635310 144.257649 1.022362 
0.126263 74.634402 144.208234 1.022329 
0.126312 74.626489 144.168157 1.022323 
0.126406 74.632834 144.126459 1.022280 
0.126371 74.627854 144.081893 1.022255 
0.126281 74.633184 144.045451 1.022369 
0.126323 74.631285 144.000789 1.022418 
0.126226 74.629694 143.966312 1.022454 
0.126138 74.630578 143.925098 1.022505 
0.126205 74.631179 143.887102 1.022359 
0.126122 74.630614 143.853053 1.022455 
0.126005 74.634819 143.804080 1.022135 
0.126034 74.628780 143.773715 1.022227 
0.125841 74.630168 143.735664 1.022271 
0.125955 74.624933 143.691896 1.022241 
0.125987 74.632493 143.656347 1.022415 
0.125790 74.630519 143.620353 1.022373 
0.125719 74.633956 143.588401 1.022379 
0.125690 74.628052 143.552509 1.022307 
0.125566 74.626440 143.510188 1.022325 
0.125661 74.625718 143.485324 1.022525 
0.125580 74.629219 143.445187 1.022271 
0.125812 74.633645 143.418700 1.022542 
0.125501 74.626628 143.387472 1.022403 
0.125357 74.627492 143.359441 1.022320 
0.125493 74.629738 143.331719 1.022395 
0.125646 74.631385 143.304588 1.022449 
0.125398 74.633489 143.274385 1.022480 
0.125540 74.635310 143.240284 1.022356 
0.125237 74.633998 143.212633 1.022485 
0.125698 74.640874 143.172705 1.022246 
0.125342 74.634589 143.142898 1.022459 
0.125435 74.645386 143.114197 1.022475 
0.125404 74.645497 143.078820 1.022458 
0.125298 74.633985 143.043697 1.022667 
0.125117 74.635851 143.013253 1.022467 
0.125153 74.633787 142.984693 1.022511 
0.125181 74.640766 142.947292 1.022455 
0.125093 74.637420 142.912899 1.022490 
0.125176 74.646185 142.882028 1.022524 
0.124976 74.644127 142.842396 1.022426 
0.125002 74.641893 142.816583 1.022430 
0.124932 74.641075 142.785095 1.022357 
0.124737 74.639143 142.749098 1.022328 
0.124814 74.645639 142.714182 1.022229 
0.124835 74.647658 142.676057 1.022249 
0.124710 74.648895 142.645486 1.022381 
0.124611 74.647012 142.611449 1.022290 
0.124621 74.648497 142.575690 1.022215 
0.124705 74.655482 142.542146 1.022266 
0.124547 74.657092 142.523483 1.022353 
0.124511 74.651357 142.493575 1.022498 
0.124463 74.657889 142.465009 1.022577 
0.124491 74.657428 142.434314 1.022524 
0.124432 74.658919 142.414422 1.022513 
0.124245 74.668460 142.386943 1.022589 
0.124498 74.670939 142.363172 1.022426 
0.124184 74.667809 142.332824 1.022324 
0.124270 74.664392 142.312367 1.022336 
0.124230 74.675947 142.300288 1.022419 
0.124082 74.673091 142.269598 1.022409 
0.124151 74.677986 142.240060 1.022509 
0.123951 74.682250 142.217229 1.022520 
0.123967 74.684474 142.192526 1.022451 
0.123904 74.678861 142.160275 1.022330 
0.123946 74.676578 142.127769 1.022612 
0.124000 74.681827 142.106398 1.022430 
0.123912 74.692060 142.082920 1.022342 
0.123753 74.685363 142.049205 1.022417 
0.123727 74.694005 142.016159 1.022493 
0.123725 74.694722 141.992440 1.022376 
0.123575 74.701058 141.967911 1.022434 
0.123577 74.701964 141.940648 1.022559 
0.123787 74.697885 141.921683 1.022462 
0.123615 74.689975 141.890591 1.022385 
0.123658 74.692559 141.861972 1.022573 
0.123642 74.692025 141.838293 1.022359 
0.123570 74.694263 141.807533 1.022414 
0.123674 74.692444 141.783434 1.022538 
0.123469 74.692871 141.758150 1.022373 
0.123574 74.691468 141.732503 1.022452 
0.123680 74.687165 141.709533 1.022387 
0.123600 74.688578 141.686685 1.022380 
0.123563 74.687410 141.660536 1.022476 
0.123357 74.682436 141.637202 1.022364 
0.123465 74.687095 141.610686 1.022315 
0.123566 74.690201 141.577617 1.022385 
0.123481 74.691176 141.557596 1.022265 
0.123084 74.691154 141.522080 1.022273 
0.123348 74.686301 141.504859 1.022455 
0.123240 74.693242 141.476737 1.022503 
0.123131 74.695062 141.453520 1.022372 
0.123035 74.696255 141.430725 1.022576 
0.122850 74.692058 141.396860 1.022480 
0.123138 74.681048 141.380209 1.022452 
0.123028 74.691159 141.364949 1.022661 
0.122945 74.694016 141.346910 1.022364 
0.122932 74.697821 141.324410 1.022424 
0.122861 74.691771 141.299867 1.022238 
0.122919 74.689717 141.278835 1.022526 
0.122642 74.690236 141.260788 1.022469 
0.122980 74.688820 141.238147 1.022458 
0.122938 74.698620 141.211061 1.022383 
0.122718 74.700458 141.186905 1.022397 
0.122625 74.700520 141.162348 1.022167 
0.122581 74.699598 141.139340 1.022357 
0.122791 74.698612 141.120739 1.022210 
0.122773 74.704194 141.091656 1.022476 
0.122812 74.705029 141.064286 1.022329 
0.122593 74.700077 141.055587 1.022608 
0.122642 74.702414 141.035571 1.022421 
0.122580 74.705206 141.008924 1.022349 
0.122515 74.700064 140.990205 1.022503 
0.122649 74.703960 140.966970 1.022448 
0.122716 74.705309 140.943109 1.022382 
0.122666 74.706820 140.921815 1.022212 
0.122683 74.703592 140.901433 1.022523 
0.122576 74.699519 140.886287 1.022404 
0.122940 74.709167 140.867024 1.022577 
0.122619 74.702285 140.839106 1.022657 
0.122805 74.701712 140.821055 1.022633 
0.122802 74.709204 140.796012 1.022569 
0.122896 74.712506 140.781159 1.022494 
0.122875 74.721938 140.761903 1.022499 
0.122821 74.720336 140.729465 1.022419 
0.122860 74.719911 140.711601 1.022189 
0.122838 74.717578 140.683006 1.022341 
0.123032 74.723973 140.668350 1.022438 
0.122966 74.723457 140.646428 1.022241 
0.123207 74.727136 140.625516 1.022294 
0.123166 74.718228 140.597858 1.022583 
0.123232 74.724236 140.574426 1.022491 
0.123310 74.719759 140.558973 1.022583 
0.123547 74.724035 140.527932 1.022371 
0.123457 74.725854 140.509141 1.022413 
0.123421 74.724998 140.488804 1.022610 
0.123747 74.729112 140.470647 1.022666 
0.123722 74.722001 140.447213 1.022678 
0.123829 74.724969 140.432233 1.022408 
0.123879 74.724899 140.402643 1.022649 
0.123840 74.720122 140.375429 1.022383 
0.123818 74.718665 140.357616 1.022538 
0.123954 74.714883 140.331007 1.022747 
0.124319 74.723701 140.309414 1.022592 
0.123901 74.721257 140.278986 1.022513 
0.124031 74.721243 140.255400 1.022456 
0.124144 74.719273 140.221940 1.022344 
0.124150 74.724733 140.202196 1.022244 
0.124156 74.720006 140.170680 1.022374 
0.124395 74.718920 140.147027 1.022348 
0.124369 74.724608 140.120504 1.022277 
0.124275 74.725239 140.099403 1.022364 
0.124774 74.729845 140.074513 1.022507 
0.124467 74.722556 140.053696 1.022307 
0.124439 74.723136 140.026305 1.022549 
0.124405 74.720736 140.008671 1.022511 
0.124884 74.725021 139.976082 1.022571 
0.124535 74.719341 139.963998 1.022478 
0.124662 74.728221 139.939949 1.022474 
0.124753 74.729528 139.923016 1.022442 
0.124514 74.726732 139.905770 1.022374 
0.124740 74.726990 139.875908 1.022435 
0.124586 74.728216 139.853652 1.022339 
0.124541 74.729739 139.838169 1.022280 
