0.176353 69.271462 171.049996 1.022139 
0.192847 69.389469 198.153179 1.022179 
0.192713 69.389137 198.213891 1.022404 
0.192695 69.395185 198.283018 1.022270 
0.192665 69.394957 198.349411 1.022259 
0.192796 69.404868 198.415624 1.022479 
0.192642 69.409037 198.465971 1.022466 
0.192427 69.402191 198.533366 1.022253 
0.192762 69.401294 198.590245 1.022196 
0.192559 69.409006 198.659878 1.022193 
0.192461 69.408129 198.720609 1.022248 
0.192550 69.409636 198.779865 1.022553 
0.192269 69.410712 198.845690 1.022225 
0.192177 69.409589 198.905977 1.022301 
0.192270 69.409405 198.969278 1.022376 
0.192205 69.414188 199.024353 1.022292 
0.192160 69.410573 199.083553 1.022651 
0.192019 69.416962 199.140774 1.022404 
0.191820 69.413238 199.194114 1.022305 
0.191915 69.415350 199.257997 1.022154 
0.191751 69.411802 199.312615 1.022178 
0.191669 69.412747 199.373242 1.022314 
0.191403 69.412207 199.420131 1.022231 
0.191630 69.414925 199.491503 1.022192 
0.191350 69.408768 199.541485 1.022063 
0.191297 69.406211 199.600069 1.022180 
0.191463 69.406934 199.656711 1.022037 
0.191325 69.403824 199.705948 1.022069 
0.191206 69.408044 199.769389 1.022219 
0.191230 69.414419 199.826288 1.022253 
0.191269 69.403248 199.880753 1.022147 
0.190861 69.405198 199.947228 1.022149 
0.191084 69.406042 199.995879 1.022353 
0.190961 69.400195 200.057339 1.021992 
0.190993 69.401537 200.106260 1.022270 
0.190922 69.407607 200.165615 1.022440 
0.190981 69.410899 200.225513 1.022430 
0.190951 69.410005 200.278044 1.022232 
0.191037 69.404571 200.327264 1.022320 
0.190829 69.411403 200.377499 1.022206 
0.190935 69.409753 200.436390 1.022306 
0.190919 69.408628 200.488285 1.022392 
0.190825 69.410227 200.533506 1.022418 
0.190658 69.406487 200.593505 1.022385 
0.190722 69.408796 200.637238 1.022322 
0.190942 69.416326 200.690229 1.022314 
0.190624 69.417446 200.740989 1.022275 
0.190390 69.418097 200.779251 1.022242 
0.190644 69.415744 200.837544 1.022294 
0.190617 69.414696 200.882495 1.022093 
0.190748 69.416193 200.918720 1.022363 
0.190644 69.414299 200.973309 1.022116 
0.190819 69.413520 201.004945 1.022325 
0.190451 69.410906 201.049455 1.022176 
0.190662 69.412204 201.087154 1.022334 
0.190723 69.413582 201.124148 1.022220 
0.190410 69.411180 201.165105 1.022179 
0.190586 69.415101 201.198865 1.022437 
0.190663 69.409892 201.235068 1.022197 
0.190433 69.407949 201.285286 1.022175 
0.190485 69.412094 201.324938 1.022378 
0.190398 69.416720 201.365064 1.022239 
0.190446 69.415908 201.410500 1.022169 
0.190432 69.410962 201.456093 1.022228 
0.190435 69.411233 201.496519 1.022224 
0.190629 69.417551 201.539322 1.022239 
0.190528 69.414269 201.578951 1.022440 
0.190440 69.412241 201.612762 1.022387 
0.190260 69.416994 201.664729 1.022317 
0.190151 69.420805 201.702737 1.022451 
0.190264 69.417754 201.745625 1.022172 
0.190188 69.418540 201.774437 1.022370 
0.189817 69.419162 201.818174 1.022294 
0.189724 69.424461 201.854698 1.022243 
0.189686 69.423091 201.892879 1.022182 
0.189649 69.426329 201.923395 1.022221 
0.189285 69.426801 201.963167 1.022126 
0.189391 69.433102 201.991670 1.022251 
0.189381 69.431668 202.029414 1.022314 
0.189202 69.420603 202.054165 1.022408 
0.189036 69.428028 202.090109 1.022408 
0.188954 69.429793 202.125858 1.022378 
0.189109 69.436129 202.162366 1.022263 
0.188743 69.431870 202.187800 1.022509 
0.188779 69.429853 202.226269 1.022342 
0.188510 69.440497 202.259468 1.022339 
0.188316 69.431677 202.295138 1.022406 
0.188271 69.433062 202.332506 1.022346 
0.188300 69.444865 202.359558 1.022611 
0.187837 69.442027 202.398123 1.022500 
0.187999 69.445694 202.435702 1.022230 
0.187774 69.445381 202.472006 1.022163 
0.187891 69.450288 202.512491 1.022192 
0.187309 69.452782 202.549834 1.022379 
0.187593 69.457999 202.587370 1.022288 
0.187445 69.453732 202.620685 1.022369 
0.187230 69.457776 202.662878 1.022086 
0.187295 69.462582 202.694980 1.022210 
0.187159 69.464670 202.718605 1.022161 
0.187151 69.461145 202.758810 1.022347 
0.186853 69.470944 202.790851 1.022310 
0.186866 69.463579 202.825365 1.022097 
0.186889 69.470138 202.858766 1.022311 
0.186822 69.472210 202.890228 1.022254 
0.186913 69.470834 202.926723 1.022290 
0.186841 69.459267 202.955837 1.022243 
0.186802 69.462281 202.995691 1.022312 
0.186571 69.463449 203.033603 1.022306 
0.186556 69.458540 203.071546 1.022339 
0.186564 69.468389 203.101338 1.022146 
0.186587 69.469946 203.148048 1.022304 
0.186492 69.474810 203.170806 1.022210 
0.186283 69.469986 203.211512 1.022267 
0.186594 69.482661 203.245920 1.022335 
0.186282 69.475682 203.276332 1.022329 
0.186273 69.473209 203.315774 1.022157 
0.186292 69.475990 203.357680 1.022167 
0.186237 69.482071 203.390695 1.022259 
0.186233 69.481597 203.418207 1.022109 
0.186065 69.478167 203.454965 1.022331 
0.186053 69.474893 203.488783 1.022271 
0.185749 69.475650 203.516494 1.022147 
0.186003 69.477412 203.549098 1.022286 
0.185736 69.477319 203.564644 1.022210 
0.185782 69.471370 203.593186 1.022377 
0.185582 69.478918 203.622074 1.022427 
0.185754 69.477043 203.650072 1.022418 
0.185498 69.475889 203.678853 1.022307 
0.185395 69.475620 203.714783 1.022280 
0.185482 69.477289 203.741047 1.022424 
0.185241 69.474578 203.771643 1.022274 
0.185425 69.475336 203.803906 1.022283 
0.185328 69.464602 203.817788 1.022291 
0.185119 69.467274 203.848104 1.022176 
0.185291 69.470461 203.863587 1.022355 
0.185153 69.469057 203.895218 1.022282 
0.185228 69.472614 203.922152 1.022107 
0.185086 69.464725 203.952853 1.022275 
0.185317 69.462309 203.971445 1.022318 
0.185128 69.463158 203.996393 1.022220 
0.185275 69.470965 204.032325 1.022257 
0.185100 69.470090 204.050426 1.022231 
0.185346 69.471388 204.073853 1.022365 
0.185424 69.473564 204.105529 1.022230 
0.185215 69.469433 204.125761 1.022260 
0.185426 69.469460 204.150452 1.022187 
0.185512 69.470135 204.174184 1.022364 
0.185557 69.462055 204.204815 1.022302 
0.185484 69.475592 204.233300 1.022309 
0.185528 69.464363 204.254814 1.022121 
0.185513 69.465746 204.280619 1.022121 
0.185886 69.466857 204.312884 1.022390 
0.185651 69.465627 204.342453 1.022221 
0.185808 69.466152 204.380182 1.022240 
0.185810 69.457900 204.410640 1.022326 
0.186075 69.468469 204.434954 1.022369 
0.185892 69.459250 204.461233 1.022439 
0.185921 69.466197 204.496143 1.022200 
0.185988 69.472075 204.524994 1.022440 
0.185777 69.471619 204.552509 1.022217 
0.185987 69.468523 204.574841 1.022244 
0.185877 69.472262 204.615682 1.022329 
0.186047 69.478115 204.646644 1.022299 
0.185727 69.465236 204.679577 1.022322 
0.185846 69.465343 204.704405 1.022408 
0.185760 69.475304 204.722798 1.022368 
0.185596 69.473656 204.751717 1.022446 
0.185849 69.472001 204.771346 1.022428 
0.185521 69.474430 204.803660 1.022450 
0.185500 69.481218 204.817994 1.022089 
0.185662 69.468438 204.841301 1.022315 
0.185828 69.472535 204.867314 1.022378 
0.185562 69.472371 204.893525 1.022284 
0.185572 69.473904 204.914989 1.022092 
0.185582 69.476692 204.946988 1.022184 
0.185479 69.476701 204.965905 1.022312 
0.185369 69.476486 204.991522 1.022413 
0.185468 69.474533 205.015219 1.022369 
0.185595 69.480393 205.046673 1.022390 
0.185187 69.476898 205.062871 1.022245 
0.185349 69.478958 205.088268 1.022385 
0.185439 69.473719 205.103836 1.022257 
0.185511 69.472607 205.122061 1.022377 
0.185325 69.478784 205.133043 1.022419 
0.185824 69.482391 205.157329 1.022125 
0.185453 69.480797 205.166855 1.022308 
0.185618 69.475009 205.185253 1.022335 
0.185786 69.477150 205.202858 1.022303 
0.185947 69.479233 205.212496 1.022230 
0.186049 69.479055 205.236458 1.022307 
0.186021 69.480467 205.250534 1.022453 
0.185999 69.480485 205.270244 1.022476 
0.186090 69.479766 205.288013 1.022189 
0.186320 69.482011 205.300220 1.022406 
0.186279 69.481840 205.315635 1.022484 
0.186327 69.479425 205.334010 1.022389 
0.186436 69.485827 205.348221 1.022363 
0.186360 69.486378 205.366537 1.022203 
0.186567 69.493890 205.380334 1.022407 
0.186386 69.494580 205.403663 1.022148 
