0.220085 71.446226 222.871936 1.022426 
0.116510 71.961982 153.831017 1.022262 
0.116592 71.959591 153.746967 1.022504 
0.116796 71.962080 153.654869 1.022231 
0.116773 71.963766 153.572583 1.022378 
0.116493 71.969543 153.494653 1.022265 
0.116715 71.963573 153.402141 1.022254 
0.117068 71.965979 153.318201 1.022222 
0.116928 71.971193 153.229522 1.022204 
0.117094 71.971361 153.140283 1.022140 
0.117204 71.971688 153.056255 1.022060 
0.117020 71.974018 152.972780 1.022337 
0.117190 71.972659 152.882321 1.022386 
0.117206 71.973563 152.797251 1.022508 
0.117305 71.966419 152.709838 1.022361 
0.117280 71.965048 152.629771 1.022249 
0.117230 71.972278 152.542126 1.022309 
0.117273 71.978245 152.465193 1.022245 
0.117254 71.976131 152.369536 1.022439 
0.117272 71.974131 152.287372 1.022255 
0.117540 71.983348 152.202691 1.022473 
0.117470 71.981663 152.122805 1.022278 
0.117194 71.975031 152.039090 1.022417 
0.117362 71.981445 151.953419 1.022393 
0.117238 71.972550 151.869567 1.022324 
0.117169 71.989884 151.778090 1.022209 
0.117215 71.980968 151.691497 1.022201 
0.117233 71.985941 151.607176 1.022492 
0.117044 71.990350 151.518055 1.022079 
0.117202 71.986701 151.428591 1.022165 
0.117036 71.994658 151.357005 1.022130 
0.117090 71.986891 151.268401 1.021951 
0.116997 71.990593 151.185193 1.022340 
0.116867 71.990763 151.098305 1.022128 
0.117247 71.991789 151.009496 1.022203 
0.116715 71.987277 150.933647 1.022315 
0.116652 71.990342 150.851239 1.022176 
0.116861 71.993038 150.764636 1.022134 
0.117095 71.985423 150.693268 1.021943 
0.116806 71.978330 150.619701 1.022315 
0.116856 71.986442 150.539567 1.022111 
0.116964 71.977829 150.457655 1.022130 
0.116835 71.977118 150.383132 1.022402 
0.116920 71.979971 150.310957 1.022229 
0.116782 71.972942 150.230314 1.022251 
0.116798 71.981213 150.156446 1.022396 
0.116806 71.985860 150.082620 1.022335 
0.116579 71.975802 150.016347 1.022271 
0.116509 71.988329 149.943368 1.022308 
0.116638 71.983022 149.865115 1.022297 
0.116363 71.981419 149.797308 1.022383 
0.116490 71.978783 149.722077 1.022451 
0.116305 71.980541 149.646540 1.022423 
0.116325 71.977592 149.574205 1.022319 
0.116172 71.974659 149.519146 1.022370 
0.116109 71.974978 149.445397 1.022366 
0.116153 71.979561 149.385094 1.022204 
0.116152 71.979523 149.316459 1.022031 
0.116039 71.979176 149.241745 1.022434 
0.115872 71.975871 149.180772 1.022354 
0.115770 71.982202 149.117552 1.022331 
0.115767 71.991711 149.047822 1.022118 
0.115823 71.989440 148.967586 1.022341 
0.115765 71.981980 148.902030 1.022288 
0.115681 71.997269 148.829262 1.022470 
0.115564 71.998000 148.760128 1.022226 
0.115642 71.996557 148.702849 1.022410 
0.115309 72.005112 148.625222 1.022289 
0.115291 72.002769 148.556853 1.022494 
0.115438 72.007663 148.489719 1.022363 
0.115620 72.010222 148.419174 1.022371 
0.115065 72.010379 148.341904 1.022249 
0.115138 72.012407 148.285808 1.022556 
0.115048 72.014870 148.212034 1.022395 
0.114978 72.017283 148.143104 1.022377 
0.114753 72.015008 148.070604 1.022247 
0.114456 72.016391 148.004162 1.022441 
0.114825 72.014529 147.936144 1.022549 
0.114644 72.022059 147.870162 1.022347 
0.114517 72.026316 147.799368 1.022187 
0.114221 72.023775 147.727423 1.022478 
0.114258 72.026133 147.656623 1.022535 
0.114267 72.025241 147.591999 1.022427 
0.114193 72.029848 147.525445 1.022480 
0.114057 72.031006 147.455828 1.022389 
0.114040 72.030032 147.395041 1.022306 
0.113625 72.031751 147.329854 1.022324 
0.114120 72.034856 147.246820 1.022336 
0.113762 72.033309 147.186388 1.022182 
0.113747 72.041741 147.124324 1.022136 
0.113492 72.037538 147.063171 1.022253 
0.113673 72.034158 147.001251 1.022192 
0.113388 72.044095 146.942829 1.021895 
0.113319 72.034154 146.893274 1.022325 
0.113371 72.026432 146.832970 1.022470 
0.113158 72.038204 146.779692 1.022423 
0.113345 72.027694 146.712356 1.022467 
0.113238 72.034922 146.659516 1.022509 
0.113314 72.039048 146.617610 1.022465 
0.113320 72.044298 146.565434 1.022212 
0.113160 72.045436 146.513860 1.022130 
0.113180 72.034329 146.452408 1.022460 
0.112964 72.036376 146.401570 1.022230 
0.113147 72.040980 146.357272 1.022428 
0.113190 72.038871 146.301940 1.022222 
0.113031 72.044779 146.257272 1.022355 
0.112889 72.037648 146.207948 1.022228 
0.113132 72.040243 146.145633 1.022183 
0.113271 72.035890 146.090599 1.022342 
0.113075 72.033362 146.046120 1.022257 
0.112940 72.036922 145.995804 1.022326 
0.113328 72.037073 145.945615 1.022270 
0.113135 72.035678 145.878705 1.022370 
0.113250 72.035246 145.833936 1.022236 
0.113463 72.031989 145.785939 1.022456 
0.113284 72.034182 145.728676 1.022204 
0.113132 72.036234 145.673835 1.022330 
0.113315 72.034093 145.626355 1.022111 
0.113403 72.031252 145.581307 1.022262 
0.113433 72.028856 145.527003 1.022211 
0.113533 72.028127 145.481474 1.022062 
0.113799 72.018598 145.426298 1.022205 
0.113669 72.024909 145.381541 1.022371 
0.113773 72.023357 145.330815 1.022387 
0.113736 72.023568 145.276245 1.022429 
0.113834 72.020176 145.222576 1.022206 
0.113796 72.021809 145.167205 1.022286 
0.113981 72.024444 145.110860 1.022170 
0.113959 72.025583 145.062605 1.022341 
0.114125 72.024647 145.015371 1.022473 
0.114186 72.025250 144.967934 1.022111 
0.114112 72.030741 144.913110 1.022275 
0.114256 72.029175 144.866993 1.022344 
0.114526 72.032724 144.804835 1.022222 
0.114247 72.031359 144.761682 1.022447 
0.114367 72.031166 144.706928 1.022366 
0.114402 72.039580 144.658428 1.022234 
0.114461 72.031870 144.610469 1.022303 
0.114496 72.041284 144.554745 1.022363 
0.114486 72.041771 144.505898 1.022384 
0.114433 72.046809 144.460912 1.022466 
0.114526 72.046014 144.407607 1.022376 
0.114601 72.050706 144.364486 1.022197 
0.114666 72.051046 144.309047 1.022366 
0.114396 72.054875 144.265051 1.022207 
0.114433 72.055894 144.216095 1.022135 
0.114379 72.061697 144.165922 1.022271 
0.114602 72.056254 144.120520 1.022362 
0.114493 72.061177 144.077639 1.022321 
0.114431 72.066391 144.028014 1.022210 
0.114324 72.068326 143.984713 1.022305 
0.114281 72.072183 143.947187 1.022170 
0.114427 72.067472 143.888685 1.022340 
0.114299 72.084015 143.848244 1.022172 
0.114114 72.074655 143.809730 1.022138 
0.114141 72.085075 143.768970 1.022101 
0.113976 72.075235 143.720656 1.022443 
0.113919 72.085598 143.673241 1.022416 
0.113796 72.085999 143.631483 1.022446 
0.113887 72.089170 143.592480 1.022330 
0.113735 72.080495 143.557723 1.022400 
0.113931 72.084941 143.509696 1.022258 
0.113578 72.090561 143.472535 1.022387 
0.113733 72.086580 143.421878 1.022291 
0.113632 72.089947 143.379494 1.022253 
0.113501 72.093050 143.325387 1.022329 
0.113734 72.084681 143.285533 1.022261 
0.113497 72.095984 143.231106 1.022277 
0.113621 72.092513 143.189509 1.022274 
0.113663 72.090868 143.134425 1.022365 
0.113635 72.093747 143.094256 1.022323 
0.113653 72.090919 143.047428 1.022296 
0.113701 72.096359 142.992595 1.022310 
0.113398 72.096159 142.947961 1.022297 
0.113757 72.096651 142.903811 1.022242 
0.113591 72.090744 142.849880 1.022112 
0.113818 72.101834 142.796125 1.022183 
0.113546 72.094260 142.755454 1.022242 
0.113704 72.104266 142.707329 1.022308 
0.113807 72.105628 142.653713 1.022418 
0.113882 72.101869 142.615093 1.022332 
0.113829 72.107744 142.565615 1.022136 
0.113775 72.109366 142.518283 1.022310 
0.113933 72.106242 142.478044 1.022315 
0.113901 72.104976 142.432839 1.022284 
0.114050 72.107594 142.392611 1.022335 
0.114099 72.108596 142.360615 1.022387 
0.114118 72.112629 142.315322 1.022412 
0.114033 72.105549 142.291085 1.022408 
0.114218 72.116275 142.240749 1.022337 
0.114167 72.119810 142.210717 1.022387 
0.114223 72.119992 142.171297 1.022501 
0.114212 72.115112 142.142479 1.022370 
0.114514 72.123398 142.113204 1.022460 
0.114245 72.111618 142.074678 1.022308 
0.114416 72.120645 142.041083 1.022377 
0.114376 72.125237 142.007202 1.022402 
0.114641 72.118233 141.965519 1.022277 
0.114420 72.115446 141.930570 1.022316 
0.114607 72.120058 141.898366 1.022267 
