0.163556 73.504397 162.531239 1.022198 
0.163677 73.495936 162.606068 1.022397 
0.163993 73.502975 162.671444 1.022120 
0.164130 73.503879 162.754600 1.022390 
0.163958 73.511130 162.824774 1.022473 
0.164432 73.515789 162.901273 1.022341 
0.164006 73.511247 162.969211 1.022392 
0.164115 73.513749 163.047270 1.022071 
0.164462 73.517761 163.124802 1.022167 
0.164541 73.516294 163.203594 1.022119 
0.164643 73.520040 163.275104 1.022256 
0.164756 73.516826 163.348653 1.021978 
0.164580 73.512962 163.425356 1.022274 
0.164877 73.517493 163.502435 1.022177 
0.164779 73.516879 163.574147 1.022279 
0.165089 73.512268 163.647738 1.022290 
0.165288 73.509453 163.717563 1.022174 
0.165036 73.512617 163.788234 1.022141 
0.165266 73.515615 163.871785 1.022172 
0.165228 73.511181 163.938797 1.022175 
0.165525 73.506825 164.017107 1.022273 
0.165653 73.496325 164.078257 1.022149 
0.165746 73.494683 164.148115 1.022104 
0.165733 73.499989 164.219016 1.022410 
0.165943 73.497882 164.287495 1.022289 
0.165924 73.501257 164.359933 1.022257 
0.165951 73.502590 164.427119 1.022306 
0.166110 73.491676 164.488206 1.022240 
0.165823 73.495910 164.561952 1.022041 
0.166215 73.504651 164.628783 1.022271 
0.166336 73.504260 164.701338 1.022263 
0.166245 73.507284 164.759888 1.022066 
0.166656 73.502014 164.836861 1.022040 
0.166647 73.500259 164.898860 1.022160 
0.166552 73.513516 164.962344 1.022125 
0.166521 73.506890 165.038214 1.022226 
0.166673 73.506849 165.097330 1.022278 
0.166447 73.504365 165.165962 1.022302 
0.166782 73.506099 165.232650 1.022318 
0.166605 73.509851 165.294781 1.022304 
0.166596 73.502736 165.351760 1.022179 
0.166854 73.499879 165.418876 1.022362 
0.166858 73.500092 165.484482 1.022248 
0.166858 73.504049 165.548834 1.022186 
0.166778 73.501669 165.613508 1.022162 
0.167005 73.508221 165.664872 1.022186 
0.167238 73.499550 165.729116 1.022193 
0.167145 73.503092 165.783601 1.022237 
0.167253 73.503356 165.843649 1.022228 
0.167351 73.507668 165.904665 1.022214 
0.167532 73.503675 165.963835 1.022344 
0.167540 73.502419 166.025548 1.022249 
0.167690 73.503715 166.077706 1.022083 
0.167899 73.512238 166.150034 1.022243 
0.167830 73.507941 166.201926 1.022244 
0.167695 73.511105 166.257887 1.022233 
0.167727 73.506696 166.322887 1.022272 
0.168042 73.512020 166.375174 1.022215 
0.168090 73.510847 166.427949 1.022272 
0.167970 73.507925 166.485036 1.022270 
0.168125 73.515896 166.541794 1.022198 
0.168232 73.505972 166.597521 1.022320 
0.168466 73.507350 166.650122 1.022380 
0.168547 73.520152 166.700666 1.022196 
0.168818 73.504945 166.758015 1.022218 
0.168581 73.508526 166.811214 1.022339 
0.168719 73.506699 166.867923 1.022306 
0.168874 73.508471 166.919332 1.022244 
0.168847 73.508562 166.977618 1.022208 
0.169019 73.510818 167.027354 1.022041 
0.168979 73.508667 167.079602 1.022368 
0.168998 73.507971 167.140103 1.022307 
0.169279 73.505759 167.188569 1.022247 
0.168926 73.502714 167.238517 1.022255 
0.168972 73.510062 167.298798 1.022326 
0.169168 73.505468 167.354660 1.022299 
0.169083 73.502674 167.411386 1.022259 
0.169190 73.501329 167.459387 1.022362 
0.169311 73.499305 167.515606 1.022237 
0.169051 73.507093 167.562777 1.022359 
0.169115 73.499394 167.613608 1.022156 
0.169065 73.503075 167.666180 1.022066 
0.169218 73.501762 167.715213 1.022204 
0.169257 73.505020 167.764166 1.022329 
0.169084 73.496458 167.810166 1.022228 
0.169415 73.501081 167.863655 1.022354 
0.169116 73.498830 167.906155 1.022302 
0.169254 73.493592 167.957520 1.022242 
0.169401 73.501874 168.009911 1.022317 
0.168988 73.491237 168.048911 1.022400 
0.169345 73.493941 168.103244 1.022312 
0.169454 73.497561 168.151314 1.022437 
0.169254 73.492313 168.194216 1.022410 
0.169238 73.490003 168.239580 1.022226 
0.169575 73.492664 168.292757 1.022356 
0.169344 73.501102 168.338355 1.022384 
0.169592 73.498221 168.385650 1.022332 
0.169346 73.502598 168.436904 1.022358 
0.169441 73.504843 168.482820 1.022341 
0.169452 73.499694 168.528961 1.022376 
0.169096 73.503513 168.571223 1.022179 
0.169527 73.497266 168.619916 1.022252 
0.169324 73.496176 168.672197 1.022226 
0.169040 73.499141 168.712493 1.022164 
0.168939 73.505668 168.761476 1.022244 
0.168996 73.501420 168.810321 1.022302 
0.168886 73.500625 168.848191 1.022212 
0.168852 73.507230 168.905999 1.022325 
0.168686 73.504855 168.951243 1.022225 
0.168803 73.502842 168.999260 1.022238 
0.168515 73.505184 169.038274 1.022138 
0.168556 73.506429 169.082180 1.022347 
0.168773 73.505046 169.124195 1.022305 
0.168793 73.511319 169.166378 1.022541 
0.168652 73.510000 169.212870 1.022333 
0.168642 73.505570 169.256856 1.022352 
0.168674 73.510595 169.307095 1.022291 
0.168786 73.502753 169.343828 1.022358 
0.168792 73.518347 169.381714 1.022132 
0.168878 73.502990 169.425347 1.022233 
0.168542 73.513378 169.464342 1.022192 
0.168843 73.510840 169.505955 1.022114 
0.168649 73.525013 169.545461 1.022025 
0.168793 73.512741 169.580491 1.022314 
0.168807 73.517250 169.620472 1.022170 
0.168725 73.524904 169.663210 1.022136 
0.168611 73.519397 169.699809 1.022217 
0.168841 73.520071 169.738706 1.021945 
0.168718 73.524959 169.774898 1.022154 
0.168570 73.520534 169.809666 1.021996 
0.168469 73.521738 169.841229 1.022422 
0.168686 73.526257 169.888450 1.022181 
0.168357 73.521025 169.913228 1.022323 
0.168372 73.521492 169.961591 1.022212 
0.168368 73.532904 169.996151 1.022331 
0.168088 73.537654 170.036365 1.022275 
0.168320 73.525778 170.076542 1.022336 
0.168100 73.536619 170.098263 1.022170 
0.168115 73.532722 170.143835 1.022026 
0.168245 73.540238 170.179147 1.021976 
0.167973 73.538626 170.213990 1.022176 
0.167809 73.537901 170.248074 1.022157 
0.167999 73.539639 170.292346 1.022180 
0.167819 73.538974 170.318824 1.022181 
0.167856 73.546474 170.359731 1.022138 
0.167826 73.551928 170.390166 1.022240 
0.168018 73.538515 170.437520 1.022224 
0.167713 73.547540 170.463766 1.022341 
0.167857 73.546243 170.495940 1.022358 
0.167809 73.545452 170.527745 1.022186 
0.167650 73.546518 170.563493 1.022263 
0.167985 73.555013 170.594400 1.022238 
0.167737 73.553273 170.620444 1.022207 
0.167564 73.552352 170.649651 1.022386 
0.167578 73.556232 170.687805 1.022308 
0.167492 73.553663 170.717239 1.022285 
0.167558 73.557219 170.743456 1.022328 
0.167538 73.558287 170.776511 1.022054 
0.167451 73.558072 170.796730 1.022050 
0.167525 73.564663 170.832173 1.022257 
0.167353 73.562006 170.854482 1.022195 
0.167449 73.563457 170.882183 1.022254 
0.167298 73.558183 170.916010 1.022420 
0.167328 73.559767 170.948110 1.022466 
0.167364 73.560325 170.976275 1.022328 
0.167387 73.568331 170.993114 1.022411 
0.167373 73.567076 171.029100 1.022264 
0.167237 73.566641 171.057261 1.022355 
0.167337 73.562411 171.088329 1.022218 
0.167377 73.565297 171.114283 1.022385 
0.167234 73.562292 171.140020 1.022286 
0.167376 73.573358 171.174521 1.022295 
0.167323 73.567084 171.200136 1.022012 
0.167327 73.567928 171.233223 1.022134 
0.167716 73.568574 171.262369 1.022251 
0.167395 73.572260 171.295149 1.022267 
0.167455 73.570783 171.314703 1.022230 
0.167686 73.567591 171.343034 1.022383 
0.167172 73.564608 171.377854 1.022409 
0.167420 73.568767 171.398783 1.022143 
0.168063 73.569613 171.435694 1.022097 
0.167638 73.569122 171.464110 1.022362 
0.167437 73.566220 171.489817 1.022086 
0.167828 73.566082 171.514909 1.022330 
0.167925 73.572108 171.544258 1.022180 
0.167857 73.559452 171.572063 1.022060 
0.167999 73.561258 171.603394 1.022257 
0.168008 73.562723 171.628763 1.022293 
0.167987 73.553265 171.668683 1.022338 
0.168057 73.556365 171.691987 1.022261 
0.168112 73.563319 171.729843 1.022201 
0.168350 73.553031 171.751951 1.022047 
0.168588 73.555762 171.783500 1.022339 
0.168543 73.548736 171.802372 1.022333 
0.168259 73.553841 171.841374 1.022282 
0.168599 73.551113 171.856804 1.022358 
0.168863 73.551658 171.887799 1.022341 
0.168634 73.556750 171.916593 1.022277 
0.168714 73.553097 171.931989 1.022277 
0.168873 73.554376 171.959202 1.022343 
