0.165150 70.949413 166.503412 1.022021 
0.165156 70.952707 166.579218 1.021954 
0.165223 70.950898 166.672988 1.022221 
0.165396 70.957586 166.758027 1.022125 
0.165214 70.950410 166.843002 1.022264 
0.165501 70.960117 166.922874 1.022233 
0.165547 70.955856 167.012460 1.022138 
0.165503 70.957950 167.098563 1.022169 
0.165628 70.953920 167.171957 1.022054 
0.165401 70.947728 167.261665 1.021998 
0.165450 70.954771 167.337901 1.022284 
0.165496 70.952658 167.409028 1.022189 
0.165770 70.955049 167.496403 1.022347 
0.165835 70.947056 167.572388 1.022303 
0.165731 70.947446 167.646946 1.022355 
0.165631 70.952030 167.715872 1.022120 
0.165952 70.944341 167.789099 1.022213 
0.166032 70.949933 167.875744 1.022161 
0.165699 70.948970 167.948300 1.022233 
0.165900 70.946189 168.023050 1.022372 
0.166077 70.949904 168.091429 1.022441 
0.166003 70.956548 168.172767 1.022255 
0.165945 70.953431 168.254407 1.022542 
0.166046 70.956655 168.321575 1.022465 
0.166283 70.957335 168.401641 1.022515 
0.166061 70.949155 168.466831 1.022369 
0.166010 70.958241 168.536443 1.022213 
0.165895 70.950095 168.618908 1.022345 
0.165880 70.960367 168.689168 1.022449 
0.165858 70.951924 168.761146 1.022314 
0.165700 70.951260 168.830649 1.022335 
0.166024 70.959399 168.899181 1.022351 
0.165737 70.953175 168.969610 1.022280 
0.165883 70.961670 169.031044 1.022344 
0.165727 70.957065 169.105815 1.022365 
0.165670 70.959383 169.166889 1.022464 
0.165535 70.959482 169.226899 1.022527 
0.165790 70.963380 169.295891 1.022585 
0.165398 70.962174 169.360164 1.022555 
0.165531 70.960581 169.424328 1.022350 
0.165555 70.967129 169.485899 1.022391 
0.165458 70.974303 169.548524 1.022495 
0.165473 70.965851 169.608668 1.022552 
0.165513 70.971842 169.675851 1.022454 
0.165238 70.971769 169.724897 1.022267 
0.165442 70.967947 169.787261 1.022259 
0.165254 70.971713 169.836948 1.022240 
0.165339 70.970580 169.902768 1.022224 
0.165279 70.973812 169.958394 1.022159 
0.165353 70.982184 170.012601 1.022159 
0.165441 70.982788 170.075726 1.022276 
0.165137 70.976157 170.129527 1.022381 
0.165535 70.985173 170.175621 1.022144 
0.165353 70.981602 170.240317 1.022381 
0.165521 70.987071 170.293968 1.022107 
0.165371 70.990492 170.359669 1.022461 
0.165527 70.981446 170.399234 1.022506 
0.165452 70.989820 170.454198 1.022330 
0.165173 70.987641 170.517719 1.022432 
0.165460 70.988429 170.564769 1.022374 
0.165266 70.985267 170.617698 1.022187 
0.165238 70.994054 170.670218 1.022354 
0.165227 70.997918 170.728239 1.022329 
0.165230 70.990678 170.775305 1.022383 
0.165028 70.999719 170.825460 1.022424 
0.165011 71.001733 170.877628 1.022425 
0.165004 71.006849 170.938064 1.022347 
0.165045 71.006952 170.987867 1.022431 
0.165070 71.008708 171.050650 1.022393 
0.165015 71.004893 171.104464 1.022387 
0.164626 71.001862 171.160581 1.022364 
0.164976 71.008398 171.213093 1.022335 
0.164729 71.006836 171.274740 1.022363 
0.164970 71.000533 171.316979 1.022331 
0.164712 71.006340 171.377237 1.022119 
0.164901 71.005215 171.425653 1.022055 
0.164867 71.003736 171.483998 1.022247 
0.164687 71.004162 171.535157 1.022388 
0.164845 71.000900 171.585647 1.022189 
0.164749 71.003829 171.642626 1.022209 
0.164927 71.004903 171.692525 1.022280 
0.164788 71.011880 171.747936 1.022188 
0.165044 71.002709 171.802229 1.022228 
0.165061 71.003895 171.849459 1.022148 
0.164980 71.000568 171.902192 1.021998 
0.164787 71.005477 171.942071 1.022361 
0.164739 71.001878 171.993101 1.022347 
0.165073 70.996508 172.040671 1.022376 
0.164882 71.004589 172.088013 1.022362 
0.165001 70.998492 172.133982 1.022272 
0.164854 71.006999 172.179190 1.022310 
0.164883 71.004432 172.226667 1.022299 
0.164987 71.003971 172.267105 1.022291 
0.164720 71.001854 172.328761 1.022284 
0.164815 71.001029 172.371308 1.022209 
0.164737 70.997181 172.419995 1.022385 
0.164838 70.995550 172.468036 1.022233 
0.164647 70.990797 172.514777 1.022259 
0.164858 70.999334 172.552982 1.022094 
0.164544 70.991418 172.607483 1.022100 
0.164476 70.995416 172.653493 1.022010 
0.164512 70.995033 172.693720 1.022321 
0.164503 70.999229 172.741559 1.022223 
0.164303 70.995869 172.785753 1.022327 
0.164444 70.987303 172.831380 1.022521 
0.164111 70.992993 172.870453 1.022356 
0.164570 70.989305 172.910217 1.022141 
0.164272 70.992007 172.957155 1.022237 
0.164336 70.993489 172.994158 1.022276 
0.164145 70.996760 173.030492 1.022210 
0.164282 71.001972 173.078384 1.022306 
0.164059 70.996718 173.118163 1.022322 
0.164058 70.989730 173.163100 1.022152 
0.163990 70.993964 173.203070 1.022129 
0.164031 71.006119 173.241433 1.022164 
0.163786 70.997784 173.277176 1.022442 
0.163976 70.997721 173.318426 1.022285 
0.163845 71.003281 173.358875 1.022254 
0.163745 71.001387 173.391385 1.022255 
0.163637 71.003924 173.433489 1.022276 
0.163665 70.995842 173.472156 1.022488 
0.163542 71.000463 173.518460 1.022340 
0.163627 71.010096 173.557540 1.022187 
0.163504 71.010467 173.595424 1.022277 
0.163216 71.015644 173.641481 1.022365 
0.163201 71.008150 173.680532 1.022257 
0.163145 71.003642 173.720843 1.022433 
0.163004 71.004795 173.772254 1.022338 
0.163010 71.002766 173.804888 1.022404 
0.162900 71.017637 173.843365 1.022218 
0.162928 71.012897 173.889925 1.022120 
0.162940 71.012959 173.925167 1.022275 
0.162669 71.018219 173.965673 1.022257 
0.162836 71.020451 174.009630 1.022204 
0.162843 71.010949 174.052933 1.022140 
0.162732 71.008899 174.084471 1.022361 
0.162973 71.015820 174.129995 1.022191 
0.162999 71.011386 174.155930 1.022270 
0.162726 71.007880 174.198588 1.022335 
0.162896 71.010403 174.248689 1.022314 
0.162771 71.011730 174.276353 1.022419 
0.162945 71.016675 174.324672 1.022440 
0.162940 71.017653 174.359092 1.022322 
0.162740 71.008016 174.399225 1.022199 
0.162862 71.012241 174.430869 1.022286 
0.162723 71.014987 174.469517 1.022408 
0.162807 71.021441 174.505119 1.022297 
0.162794 71.016503 174.540480 1.022335 
0.162615 71.018312 174.578378 1.022248 
0.162775 71.014451 174.614582 1.022402 
0.162846 71.013075 174.651155 1.022404 
0.162741 71.015399 174.685592 1.022339 
0.162715 71.011718 174.726542 1.022433 
0.162797 71.015596 174.753879 1.022317 
0.162707 71.020982 174.789145 1.022312 
0.162632 71.015691 174.829791 1.022280 
0.162628 71.014508 174.867870 1.022335 
0.162593 71.024148 174.897602 1.022504 
0.162308 71.011892 174.929881 1.022451 
0.162699 71.020334 174.961254 1.022335 
0.162471 71.020796 174.998560 1.022289 
0.162716 71.031357 175.028524 1.022359 
0.162483 71.025433 175.060891 1.022362 
0.162634 71.031456 175.088067 1.022401 
0.162492 71.034797 175.116519 1.022386 
0.162775 71.032972 175.144109 1.022368 
0.162831 71.027127 175.165081 1.022389 
0.162583 71.030978 175.196455 1.022335 
0.162687 71.036637 175.227509 1.022214 
0.162731 71.033439 175.249670 1.022335 
0.162590 71.046058 175.275072 1.022373 
0.162719 71.041418 175.300405 1.022310 
0.162623 71.037252 175.328698 1.022194 
0.162562 71.044315 175.357092 1.022291 
0.162743 71.048790 175.383695 1.022300 
0.162430 71.045130 175.413723 1.022256 
0.162685 71.050032 175.442243 1.022445 
0.162496 71.043847 175.473418 1.022503 
0.162533 71.054331 175.489478 1.022519 
0.162460 71.048668 175.530232 1.022379 
0.162236 71.057949 175.559709 1.022324 
0.162330 71.061267 175.591329 1.022305 
0.162143 71.055987 175.616437 1.022263 
0.162242 71.059243 175.649686 1.022318 
0.161965 71.063469 175.681951 1.022257 
0.161919 71.061242 175.710414 1.022401 
0.161923 71.064966 175.745340 1.022476 
0.161663 71.064258 175.766196 1.022255 
0.161842 71.066413 175.801904 1.022247 
0.161658 71.071839 175.832701 1.022133 
0.161580 71.073143 175.866263 1.021998 
0.161410 71.071185 175.893064 1.022314 
0.161580 71.069877 175.928691 1.022129 
0.161467 71.070008 175.950148 1.022043 
0.161484 71.072314 175.981495 1.022335 
0.161378 71.066513 176.004286 1.022055 
0.161554 71.070342 176.038443 1.022189 
0.161458 71.070363 176.059492 1.022116 
0.161440 71.068551 176.087955 1.022112 
0.161215 71.068661 176.110664 1.022093 
