0.161301 71.060422 176.140374 1.022364 
0.220202 71.329839 210.532713 1.022520 
0.220125 71.328336 210.640283 1.022421 
0.220135 71.328682 210.739710 1.022432 
0.220123 71.325998 210.839159 1.022389 
0.220037 71.331895 210.943362 1.022283 
0.220377 71.323383 211.040020 1.022339 
0.220107 71.327223 211.140018 1.022197 
0.220374 71.334433 211.243927 1.022465 
0.220258 71.330761 211.342964 1.022491 
0.220435 71.333536 211.436877 1.022347 
0.220714 71.330687 211.531565 1.022194 
0.220595 71.335188 211.623874 1.022226 
0.220793 71.330040 211.713476 1.022284 
0.220696 71.329388 211.805738 1.022281 
0.220880 71.328594 211.899458 1.022459 
0.221272 71.329699 211.978981 1.022195 
0.221064 71.331800 212.079467 1.022450 
0.221119 71.332744 212.157940 1.022403 
0.221335 71.319066 212.258731 1.022278 
0.221358 71.318136 212.342147 1.022222 
0.221467 71.326055 212.438763 1.022278 
0.221598 71.313511 212.525637 1.022482 
0.221651 71.316908 212.624627 1.022354 
0.221563 71.322395 212.706378 1.022277 
0.221774 71.321921 212.794034 1.022417 
0.221713 71.316631 212.886850 1.022353 
0.221903 71.313251 212.978441 1.022170 
0.221907 71.311074 213.068376 1.022406 
0.222303 71.312437 213.157705 1.022367 
0.222226 71.315580 213.250562 1.022209 
0.222254 71.314607 213.338876 1.022232 
0.222256 71.309010 213.431555 1.022327 
0.222476 71.316256 213.520426 1.022362 
0.222325 71.311421 213.617324 1.022379 
0.222314 71.306606 213.699522 1.022429 
0.222463 71.307092 213.793431 1.022418 
0.222562 71.303320 213.890606 1.022421 
0.222527 71.307852 213.970058 1.022326 
0.222346 71.309944 214.056471 1.022369 
0.222509 71.305419 214.141889 1.022275 
0.222692 71.313238 214.228491 1.022289 
0.222476 71.305653 214.304376 1.022298 
0.222638 71.323198 214.392357 1.022400 
0.222451 71.317934 214.478546 1.022375 
0.222766 71.323846 214.564459 1.022329 
0.223134 71.321457 214.643870 1.022125 
0.222899 71.318259 214.724967 1.022475 
0.222756 71.316569 214.806978 1.022259 
0.223178 71.325309 214.884709 1.022475 
0.223181 71.318333 214.956534 1.022460 
0.223017 71.314699 215.038145 1.022345 
0.223329 71.328315 215.110820 1.022297 
0.223255 71.317762 215.185422 1.022496 
0.223255 71.325986 215.267162 1.022432 
0.223261 71.332493 215.340036 1.022422 
0.223307 71.328407 215.412627 1.022199 
0.223239 71.335503 215.486970 1.022372 
0.223039 71.329109 215.575723 1.022322 
0.223254 71.333383 215.637231 1.022341 
0.223233 71.328694 215.723288 1.022469 
0.223095 71.333179 215.795790 1.022380 
0.223071 71.333665 215.873754 1.022394 
0.223261 71.329713 215.950603 1.022239 
0.222997 71.335848 216.021313 1.022432 
0.222896 71.329980 216.099915 1.022310 
0.222740 71.335893 216.180839 1.022449 
0.222766 71.333922 216.256220 1.022296 
0.222710 71.337552 216.335566 1.022376 
0.222691 71.335260 216.416276 1.022240 
0.222586 71.324693 216.474579 1.022305 
0.222461 71.333000 216.553124 1.022148 
0.222420 71.330411 216.625466 1.022435 
0.222596 71.337375 216.699440 1.022455 
0.222292 71.331057 216.776573 1.022358 
0.222144 71.338239 216.841098 1.022476 
0.222155 71.338915 216.903055 1.022385 
0.222157 71.337211 216.973365 1.022391 
0.221892 71.340801 217.038533 1.022348 
0.221757 71.338174 217.107169 1.022433 
0.221826 71.338066 217.166632 1.022382 
0.221544 71.339712 217.224698 1.022410 
0.221358 71.350195 217.278346 1.022390 
0.221430 71.342491 217.346750 1.022396 
0.221493 71.333875 217.400370 1.022394 
0.221169 71.340775 217.459291 1.022348 
0.221174 71.342533 217.516122 1.022391 
0.220821 71.344419 217.573923 1.022368 
0.220939 71.355732 217.628444 1.022470 
0.221056 71.354755 217.680762 1.022221 
0.220820 71.350933 217.743913 1.022265 
0.220623 71.352446 217.800406 1.022373 
0.220695 71.360931 217.856694 1.022414 
0.220846 71.361689 217.901694 1.022374 
0.220365 71.356858 217.966332 1.022495 
0.220657 71.356458 218.017232 1.022174 
0.220552 71.363797 218.079909 1.022259 
0.220737 71.361583 218.130800 1.022271 
0.220537 71.362131 218.189829 1.022157 
0.220316 71.361988 218.250973 1.022133 
0.220474 71.363222 218.306524 1.022321 
0.220296 71.364585 218.362645 1.022311 
0.220402 71.364098 218.423421 1.022399 
0.220734 71.364893 218.486303 1.022298 
0.220396 71.364615 218.535483 1.022416 
0.220352 71.371545 218.595577 1.022195 
0.220388 71.368561 218.646873 1.022354 
0.220649 71.368967 218.709315 1.022449 
0.220486 71.375516 218.768448 1.022468 
0.220565 71.374196 218.826724 1.022256 
0.220564 71.379728 218.891078 1.022225 
0.220610 71.374319 218.951478 1.022365 
0.220627 71.379448 219.005578 1.022333 
0.220620 71.382861 219.060994 1.022322 
0.220594 71.376236 219.117410 1.022414 
0.220760 71.383458 219.170348 1.022368 
0.220645 71.376989 219.226620 1.022264 
0.220790 71.382445 219.283264 1.022433 
0.220774 71.380029 219.330122 1.022062 
0.220912 71.390122 219.389110 1.022165 
0.220825 71.391309 219.431400 1.022108 
0.220677 71.387139 219.487918 1.022339 
0.220780 71.384868 219.538824 1.022360 
0.220617 71.388346 219.597155 1.022267 
0.220538 71.387753 219.643928 1.022319 
0.220549 71.386513 219.699990 1.022072 
0.220636 71.388053 219.753666 1.022397 
0.220601 71.388435 219.801013 1.022398 
0.220652 71.383672 219.849576 1.022537 
0.220815 71.388523 219.904814 1.022194 
0.220585 71.388218 219.952377 1.022208 
0.220751 71.393717 220.009100 1.022296 
0.220652 71.396958 220.060134 1.022392 
0.220648 71.398203 220.110934 1.022276 
0.220589 71.401888 220.158160 1.022104 
0.220811 71.395032 220.208425 1.022459 
0.220767 71.405365 220.257172 1.022414 
0.220626 71.401095 220.316063 1.022402 
0.220786 71.406580 220.364972 1.022471 
0.220675 71.418949 220.423883 1.022231 
0.220813 71.416955 220.477352 1.022354 
0.220734 71.424441 220.524383 1.022566 
0.220878 71.423113 220.573712 1.022053 
0.220779 71.419567 220.629186 1.022057 
0.220550 71.432051 220.677936 1.022267 
0.220816 71.427459 220.726887 1.022048 
0.220716 71.433423 220.773965 1.022159 
0.220670 71.435398 220.830281 1.022168 
0.220817 71.436478 220.871356 1.022276 
0.220655 71.434892 220.915022 1.022471 
0.220557 71.440887 220.974524 1.022219 
0.220725 71.446168 221.021655 1.022139 
0.220654 71.443674 221.067004 1.022398 
0.220426 71.442795 221.115272 1.022366 
0.220404 71.441643 221.162512 1.022144 
0.220493 71.443520 221.204475 1.022195 
0.220477 71.445631 221.253547 1.022325 
0.220465 71.446381 221.299999 1.022229 
0.220319 71.444990 221.337943 1.022312 
0.220433 71.447640 221.375717 1.022450 
0.220145 71.433841 221.416145 1.022421 
0.220266 71.438271 221.465935 1.022270 
0.220132 71.443968 221.519009 1.022310 
0.220203 71.437936 221.544550 1.022429 
0.219982 71.432960 221.580707 1.022140 
0.220072 71.427462 221.629321 1.022308 
0.220301 71.440645 221.673801 1.022314 
0.220011 71.442571 221.713833 1.022342 
0.220246 71.438029 221.740600 1.022269 
0.219960 71.439196 221.791002 1.022259 
0.219796 71.442729 221.825761 1.022324 
0.219996 71.442589 221.858626 1.022305 
0.219938 71.441242 221.904700 1.022280 
0.219733 71.442295 221.943647 1.022242 
0.219942 71.444254 221.977506 1.022453 
0.219831 71.439501 222.005826 1.022400 
0.220011 71.446280 222.038106 1.022326 
0.219643 71.441225 222.063563 1.022305 
0.219891 71.440487 222.097274 1.022343 
0.219980 71.443505 222.141937 1.022320 
0.219769 71.443957 222.171782 1.022229 
0.219631 71.440450 222.209939 1.022446 
0.219850 71.438156 222.241835 1.022397 
0.220063 71.445339 222.269119 1.022324 
0.219668 71.440866 222.308625 1.022216 
0.219800 71.442785 222.345953 1.022296 
0.219793 71.439446 222.386613 1.022306 
0.219778 71.443200 222.417265 1.022153 
0.219923 71.444258 222.447475 1.022196 
0.219669 71.442223 222.477047 1.022177 
0.219922 71.448367 222.512195 1.022343 
0.219842 71.443481 222.542839 1.022150 
0.219801 71.441556 222.585412 1.022209 
0.219887 71.444622 222.615345 1.022210 
0.219914 71.438276 222.653838 1.022245 
0.219963 71.444113 222.682722 1.022316 
0.219869 71.449598 222.716476 1.022402 
0.219954 71.448123 222.760050 1.022521 
0.220219 71.447320 222.795579 1.022596 
0.219909 71.444637 222.833423 1.022543 
