0.110342 75.651776 135.429012 1.022332 
0.170115 75.686000 161.216637 1.022261 
0.170442 75.684436 161.283654 1.022153 
0.170418 75.687226 161.360844 1.022249 
0.170328 75.688293 161.429695 1.022174 
0.170576 75.694306 161.496681 1.022151 
0.170623 75.686261 161.570401 1.022215 
0.170582 75.688746 161.633139 1.022319 
0.170752 75.688360 161.704472 1.022227 
0.170650 75.683795 161.778661 1.022301 
0.171069 75.686956 161.845139 1.022264 
0.170793 75.691472 161.914132 1.022071 
0.171197 75.694743 161.982288 1.022152 
0.171150 75.684504 162.053978 1.022137 
0.171111 75.685185 162.121722 1.022439 
0.171486 75.685506 162.185827 1.022422 
0.171520 75.682556 162.238524 1.022233 
0.171438 75.691148 162.312846 1.022461 
0.171657 75.685378 162.379260 1.022264 
0.171735 75.688391 162.439979 1.022372 
0.171749 75.686298 162.501715 1.022413 
0.171789 75.685666 162.569701 1.022318 
0.171761 75.679554 162.633548 1.022346 
0.171918 75.684315 162.705409 1.022408 
0.172095 75.680818 162.768889 1.022312 
0.172178 75.677296 162.831119 1.022395 
0.172375 75.680260 162.898821 1.022242 
0.172325 75.688589 162.961876 1.022393 
0.172311 75.687282 163.037613 1.022450 
0.172510 75.681323 163.093793 1.022411 
0.172587 75.682148 163.155611 1.022229 
0.172564 75.677323 163.220466 1.022185 
0.172742 75.675890 163.282385 1.022068 
0.173005 75.678193 163.348403 1.022022 
0.172851 75.678066 163.412938 1.022357 
0.173232 75.679638 163.487512 1.022188 
0.172908 75.678179 163.550773 1.022206 
0.173149 75.666980 163.607693 1.022282 
0.173271 75.675595 163.671212 1.022310 
0.173290 75.671738 163.736051 1.022083 
0.173300 75.669168 163.804025 1.022348 
0.173627 75.668388 163.865805 1.022273 
0.173255 75.668393 163.923518 1.022285 
0.173396 75.672425 163.984269 1.022057 
0.173538 75.671134 164.043181 1.022267 
0.173624 75.669683 164.101669 1.022065 
0.173722 75.671713 164.152690 1.022147 
0.173619 75.657569 164.206954 1.022219 
0.173625 75.671643 164.268948 1.022267 
0.173430 75.667386 164.324642 1.022351 
0.173859 75.668569 164.387863 1.022302 
0.173687 75.660350 164.436240 1.022415 
0.173505 75.662959 164.489553 1.022225 
0.173697 75.667882 164.543054 1.022307 
0.173535 75.668964 164.609263 1.022408 
0.173806 75.671651 164.659636 1.022393 
0.173743 75.670418 164.711166 1.022130 
0.173665 75.673294 164.762924 1.022261 
0.173654 75.680506 164.813884 1.022273 
0.173888 75.674456 164.867545 1.022361 
0.173775 75.675477 164.911971 1.022285 
0.173817 75.685060 164.966162 1.022350 
0.173668 75.682480 165.011510 1.022342 
0.173527 75.688273 165.055948 1.022371 
0.173710 75.692784 165.111075 1.022492 
0.173700 75.690334 165.151629 1.022106 
0.173767 75.687312 165.202089 1.022287 
0.173471 75.690220 165.259581 1.022215 
0.173699 75.694770 165.304085 1.022414 
0.173683 75.695686 165.356865 1.022267 
0.173556 75.694036 165.401300 1.022374 
0.173689 75.698185 165.447435 1.022339 
0.173829 75.691642 165.488012 1.022373 
0.174187 75.695737 165.541374 1.022285 
0.173843 75.690817 165.590814 1.022297 
0.173734 75.695779 165.618926 1.022121 
0.174047 75.692298 165.672797 1.022179 
0.173863 75.695639 165.721191 1.022530 
0.173974 75.689194 165.760708 1.022453 
0.173988 75.691122 165.809561 1.022197 
0.173842 75.694854 165.837305 1.022119 
0.173845 75.695838 165.881682 1.022072 
0.173870 75.691733 165.933906 1.021922 
0.173721 75.692211 165.972595 1.022001 
0.173616 75.691326 166.007546 1.022342 
0.173721 75.686951 166.053115 1.022232 
0.173740 75.690583 166.093355 1.022358 
0.173689 75.688812 166.135804 1.022323 
0.173734 75.688420 166.175526 1.022222 
0.173743 75.684904 166.215490 1.022266 
0.173829 75.685956 166.254027 1.022299 
0.173657 75.683266 166.295959 1.022439 
0.173386 75.678208 166.333131 1.022355 
0.173676 75.674406 166.377886 1.022318 
0.173557 75.675501 166.415604 1.022369 
0.173524 75.676753 166.451142 1.022413 
0.173358 75.668256 166.495792 1.022487 
0.173475 75.659767 166.534526 1.022350 
0.173438 75.663842 166.569584 1.022344 
0.173483 75.662661 166.611701 1.022264 
0.173245 75.657581 166.658940 1.022278 
0.173131 75.656904 166.691758 1.022313 
0.173221 75.661785 166.731962 1.022350 
0.173153 75.656507 166.765301 1.022427 
0.173085 75.661579 166.800432 1.022297 
0.172995 75.659958 166.832027 1.022541 
0.173093 75.658062 166.870846 1.022406 
0.172727 75.659074 166.911907 1.022310 
0.172829 75.663177 166.945818 1.022363 
0.172852 75.648816 166.994195 1.022425 
0.172634 75.660414 167.025124 1.022342 
0.172567 75.669016 167.063816 1.022148 
0.172481 75.661893 167.095177 1.022179 
0.172323 75.656774 167.131441 1.022151 
0.172435 75.659506 167.173764 1.022072 
0.172220 75.664306 167.210735 1.022240 
0.172193 75.665663 167.251190 1.022192 
0.172196 75.665999 167.289345 1.022242 
0.171903 75.660641 167.323319 1.022228 
0.171987 75.661313 167.357687 1.022238 
0.172152 75.664920 167.390275 1.022227 
0.171823 75.658775 167.433453 1.022202 
0.172025 75.661884 167.463936 1.022352 
0.171412 75.666593 167.514259 1.022278 
0.171595 75.666385 167.546365 1.022241 
0.171286 75.661801 167.582100 1.022284 
0.171246 75.664615 167.623986 1.022466 
0.171406 75.667994 167.654972 1.022191 
0.171177 75.662435 167.696324 1.022234 
0.171151 75.662317 167.732755 1.022372 
0.171175 75.654355 167.769012 1.022149 
0.171174 75.652484 167.789537 1.022202 
0.170922 75.651745 167.837693 1.022262 
0.171074 75.658365 167.871647 1.022259 
0.170855 75.655189 167.910470 1.022080 
0.170809 75.649420 167.939992 1.021975 
0.171011 75.657647 167.970388 1.022234 
0.170910 75.652659 168.001466 1.022189 
0.170850 75.649815 168.034122 1.022168 
0.170910 75.655863 168.071805 1.022317 
0.171031 75.656999 168.098277 1.022283 
0.170717 75.652638 168.131656 1.022146 
0.170942 75.655706 168.162396 1.022305 
0.170689 75.658826 168.198793 1.022315 
0.170879 75.657984 168.233055 1.022175 
0.170924 75.654356 168.265767 1.022195 
0.170695 75.657223 168.301128 1.022328 
0.170430 75.654669 168.339363 1.022331 
0.170474 75.660520 168.377309 1.022293 
0.170659 75.660855 168.415334 1.022457 
0.170440 75.660514 168.441809 1.022182 
0.170504 75.664636 168.486429 1.022070 
0.170222 75.664855 168.517131 1.022184 
0.170257 75.663007 168.544523 1.022133 
0.170474 75.670607 168.578094 1.022252 
0.170464 75.671762 168.616938 1.022180 
0.170431 75.672110 168.643629 1.022283 
0.170346 75.670087 168.675825 1.022244 
0.170605 75.677885 168.699804 1.022266 
0.170279 75.675756 168.727493 1.022247 
0.170472 75.679520 168.756611 1.022215 
0.170154 75.678638 168.787881 1.022195 
0.170129 75.682991 168.823986 1.022099 
0.170163 75.687513 168.847865 1.022102 
0.170126 75.689266 168.886131 1.022011 
0.169937 75.691294 168.906663 1.022270 
0.170125 75.695144 168.937941 1.022385 
0.170239 75.691484 168.970668 1.022415 
0.169924 75.689619 168.988508 1.022233 
0.170041 75.697340 169.020234 1.022312 
0.169882 75.702250 169.041378 1.022220 
0.170079 75.699055 169.069275 1.022280 
0.169960 75.705557 169.086406 1.022320 
0.169749 75.714295 169.128788 1.022433 
0.170034 75.714995 169.153223 1.022420 
0.169943 75.706081 169.173646 1.022289 
0.169679 75.708582 169.198014 1.022502 
0.169879 75.707306 169.229236 1.022250 
0.169573 75.703765 169.249039 1.022444 
0.169737 75.716212 169.278258 1.022294 
0.169899 75.712416 169.305785 1.022232 
0.169502 75.713759 169.333585 1.022207 
0.169386 75.706607 169.367532 1.022239 
0.169581 75.721213 169.388930 1.022391 
0.169378 75.712436 169.413408 1.022360 
0.169307 75.713887 169.440544 1.022204 
0.169445 75.710846 169.469875 1.022365 
0.169249 75.704174 169.486508 1.022384 
0.169323 75.712308 169.517933 1.022274 
0.169128 75.702509 169.540903 1.022267 
0.169245 75.711813 169.565558 1.022322 
0.169109 75.711476 169.594690 1.022480 
0.169110 75.697553 169.612570 1.022257 
0.168868 75.710653 169.641378 1.022283 
0.169114 75.698332 169.660976 1.022189 
0.168717 75.703724 169.695377 1.022355 
0.168956 75.705785 169.719627 1.022120 
0.168968 75.706058 169.743007 1.022169 
0.168571 75.698011 169.768493 1.022330 
0.168596 75.695372 169.790520 1.022325 
