0.177217 69.248054 164.826916 1.022361 
0.177739 69.251888 164.857219 1.022296 
0.177339 69.243661 164.881910 1.022282 
0.177251 69.251371 164.915282 1.022135 
0.177415 69.253980 164.943162 1.022158 
0.177546 69.254053 164.969322 1.022102 
0.177591 69.258286 164.983481 1.022172 
0.177526 69.248375 165.012878 1.022326 
0.177578 69.258580 165.024667 1.022304 
0.177451 69.251283 165.050519 1.022197 
0.177476 69.255343 165.067332 1.022160 
0.177565 69.250857 165.099475 1.022102 
0.177356 69.263145 165.130062 1.022083 
0.177579 69.254842 165.151805 1.022113 
0.177467 69.261564 165.185851 1.022049 
0.177535 69.259777 165.222502 1.022130 
0.177395 69.264070 165.262593 1.022232 
0.177500 69.255422 165.299192 1.022132 
0.177266 69.256110 165.347949 1.022239 
0.177378 69.258718 165.388030 1.022360 
0.177358 69.256756 165.434699 1.022279 
0.177691 69.257400 165.470583 1.022237 
0.177264 69.253993 165.513566 1.022262 
0.177293 69.262719 165.550187 1.022325 
0.177398 69.260514 165.582979 1.022257 
0.177509 69.260138 165.619899 1.022171 
0.177327 69.261195 165.659452 1.022395 
0.177543 69.269144 165.702305 1.022225 
0.177434 69.260649 165.737514 1.022269 
0.177701 69.267434 165.780683 1.022220 
0.177280 69.266816 165.818080 1.022471 
0.177562 69.269194 165.866646 1.022352 
0.177261 69.272392 165.911437 1.022254 
0.177632 69.278316 165.952230 1.022189 
0.177671 69.279002 165.993239 1.022180 
0.177633 69.274767 166.027210 1.022411 
0.177284 69.274489 166.061902 1.022405 
0.177538 69.282796 166.094208 1.022498 
0.177509 69.270366 166.129656 1.022350 
0.177451 69.280101 166.161035 1.022272 
0.177588 69.280937 166.201755 1.022234 
0.177466 69.272949 166.242933 1.022168 
0.177524 69.281631 166.267452 1.022194 
0.177314 69.280959 166.305916 1.022309 
0.177666 69.288999 166.331459 1.022305 
0.177436 69.285816 166.360557 1.022257 
0.177544 69.284727 166.391765 1.022170 
0.177393 69.290403 166.411669 1.022170 
0.177505 69.281549 166.456982 1.022255 
0.177373 69.292779 166.473481 1.022312 
0.177629 69.290873 166.512871 1.022421 
0.177647 69.293822 166.543615 1.022418 
0.177639 69.293419 166.578514 1.022469 
0.177626 69.288101 166.610202 1.022538 
0.177550 69.293875 166.632029 1.022390 
0.177862 69.288096 166.664255 1.022400 
0.177793 69.287007 166.690565 1.022442 
0.177796 69.292468 166.728598 1.022374 
0.177836 69.290706 166.771338 1.022511 
0.177891 69.290561 166.805210 1.022381 
0.178125 69.288781 166.844862 1.022210 
0.177742 69.280781 166.884743 1.022295 
0.177811 69.279349 166.915921 1.022377 
0.178075 69.284485 166.944890 1.022222 
0.178135 69.281395 166.986729 1.022261 
0.177908 69.281120 167.028647 1.022494 
0.178029 69.279601 167.063654 1.022239 
0.178057 69.280478 167.097973 1.022266 
0.178142 69.283528 167.139190 1.022233 
0.178052 69.283794 167.181149 1.022135 
0.178243 69.281250 167.204697 1.022260 
0.178365 69.276797 167.252817 1.022320 
0.178062 69.276373 167.288466 1.022280 
0.178038 69.279526 167.327972 1.022378 
0.178214 69.280646 167.352990 1.022312 
0.178108 69.278572 167.383145 1.022551 
0.177889 69.277396 167.419201 1.022398 
0.177823 69.275046 167.446492 1.022286 
0.178155 69.265129 167.479295 1.022351 
0.177717 69.275273 167.501698 1.022260 
0.177798 69.269634 167.529262 1.022325 
0.177917 69.277708 167.548309 1.022422 
0.177544 69.275355 167.588268 1.022258 
0.177741 69.278697 167.618179 1.022400 
0.177460 69.271225 167.641469 1.022320 
0.177550 69.269002 167.665783 1.022514 
0.177482 69.266437 167.699231 1.022400 
0.177638 69.271095 167.720963 1.022340 
0.177411 69.272610 167.747214 1.022409 
0.177350 69.272456 167.774271 1.022298 
0.177316 69.260710 167.789741 1.022268 
0.177384 69.272709 167.813569 1.022270 
0.177005 69.268244 167.836042 1.022386 
0.177103 69.270379 167.843428 1.022531 
0.177298 69.266125 167.857600 1.022263 
0.177085 69.271014 167.875744 1.022199 
0.177033 69.266542 167.883224 1.022352 
0.176906 69.263655 167.898619 1.022213 
0.176707 69.277909 167.922926 1.022147 
0.176763 69.264384 167.933067 1.022215 
0.176779 69.269737 167.948668 1.022194 
0.176854 69.257311 167.963908 1.022277 
0.176680 69.263937 167.978244 1.022356 
0.176500 69.252198 167.990348 1.022270 
0.176748 69.255165 168.005853 1.022263 
0.176651 69.260641 168.016884 1.022299 
0.176355 69.258461 168.033277 1.022158 
0.176421 69.255312 168.047129 1.022463 
0.176497 69.259358 168.071079 1.022280 
0.176394 69.262819 168.082775 1.022450 
0.176358 69.264754 168.104124 1.022380 
0.176296 69.258703 168.129309 1.022336 
0.176246 69.261719 168.151410 1.022475 
0.176290 69.262009 168.173585 1.022423 
0.176034 69.266591 168.204296 1.022495 
0.176150 69.268066 168.229040 1.022163 
0.176115 69.263254 168.267993 1.022383 
0.175905 69.271076 168.303198 1.022389 
0.175830 69.266279 168.336031 1.022414 
0.175949 69.268422 168.378813 1.022396 
0.175744 69.268211 168.418550 1.022384 
0.175823 69.270102 168.449261 1.022480 
0.175807 69.265347 168.488039 1.022387 
0.175717 69.269039 168.524124 1.022462 
0.175413 69.269548 168.561012 1.022383 
0.175721 69.270852 168.598529 1.022252 
0.175738 69.271828 168.637629 1.022360 
0.175624 69.271691 168.678475 1.022380 
0.175681 69.274761 168.723569 1.022391 
0.175779 69.269486 168.768445 1.022187 
0.175545 69.269327 168.815307 1.022457 
0.175642 69.274091 168.850151 1.022437 
0.175822 69.278079 168.898047 1.022300 
0.175865 69.282223 168.941141 1.022364 
0.175869 69.279658 168.982231 1.022361 
0.175855 69.280662 169.033724 1.022275 
0.175758 69.288669 169.074289 1.022386 
0.175661 69.281134 169.121499 1.022274 
0.175459 69.277551 169.169998 1.022310 
0.175848 69.277170 169.213269 1.022428 
0.175506 69.282890 169.251176 1.022352 
0.175709 69.281495 169.291250 1.022207 
0.175833 69.280071 169.316473 1.022371 
0.175585 69.273651 169.357017 1.022271 
0.175428 69.271117 169.382049 1.022092 
0.175727 69.275942 169.421320 1.022426 
0.175665 69.272759 169.448917 1.022240 
0.175817 69.275758 169.487778 1.022342 
0.175604 69.272013 169.512930 1.022283 
0.175620 69.269382 169.554399 1.022476 
0.175755 69.269884 169.601160 1.022466 
0.175710 69.276243 169.639518 1.022394 
0.175573 69.273964 169.671646 1.022242 
0.175755 69.277095 169.711974 1.022356 
0.175510 69.278023 169.744005 1.022324 
0.175627 69.276067 169.783092 1.022172 
0.175539 69.273120 169.810054 1.022275 
0.175621 69.272323 169.845788 1.022180 
0.175518 69.271429 169.875868 1.022484 
0.175498 69.264199 169.906149 1.022288 
0.175558 69.276198 169.921583 1.022399 
0.175332 69.270593 169.945362 1.022316 
0.175370 69.265560 169.965208 1.022245 
0.175182 69.273055 169.986322 1.022320 
0.175198 69.265537 170.009445 1.022261 
0.175312 69.265585 170.029286 1.022187 
0.175237 69.269611 170.034001 1.022208 
0.175157 69.267893 170.057506 1.022063 
0.175020 69.268542 170.073272 1.022249 
0.175155 69.261871 170.084292 1.022533 
0.175256 69.265899 170.093516 1.022393 
0.174918 69.258482 170.105871 1.022341 
0.174952 69.263320 170.115417 1.022286 
0.174973 69.261378 170.134974 1.022421 
0.174930 69.261459 170.143476 1.022274 
0.174955 69.266253 170.167341 1.022390 
0.174935 69.265856 170.187756 1.022334 
0.174848 69.260366 170.211884 1.022237 
0.174994 69.263368 170.242042 1.022369 
0.175006 69.268319 170.271377 1.022426 
0.175132 69.259601 170.306653 1.022355 
0.175276 69.264353 170.339414 1.022320 
0.175039 69.262700 170.375110 1.022239 
0.175146 69.268268 170.409121 1.022277 
0.175266 69.268473 170.454286 1.022207 
0.175251 69.262524 170.487874 1.022329 
0.175226 69.265794 170.524681 1.022276 
0.175448 69.260042 170.556834 1.022249 
0.175390 69.261674 170.593336 1.022268 
0.175646 69.269810 170.637281 1.022277 
0.175519 69.266754 170.665596 1.022270 
0.175566 69.272694 170.701423 1.022388 
0.175692 69.273179 170.742551 1.022416 
0.175768 69.274583 170.781522 1.022307 
0.175996 69.265551 170.817161 1.022325 
0.176261 69.268134 170.855913 1.022252 
0.175971 69.265911 170.897687 1.022154 
0.176182 69.268015 170.932389 1.022187 
0.176275 69.272087 170.976689 1.022181 
0.176256 69.271339 171.010829 1.022127 
