0.114829 72.125928 141.860931 1.022580 
0.157951 72.262740 160.701772 1.022211 
0.158183 72.263013 160.809398 1.022418 
0.158284 72.265518 160.934003 1.022158 
0.158615 72.265245 161.037846 1.022113 
0.158642 72.267692 161.155926 1.022101 
0.158834 72.268823 161.259051 1.022184 
0.158996 72.265941 161.380272 1.022078 
0.159198 72.267514 161.501691 1.022233 
0.159456 72.266964 161.605833 1.022256 
0.159527 72.274770 161.704624 1.022496 
0.159784 72.275140 161.827764 1.022424 
0.159861 72.267761 161.925645 1.022179 
0.160005 72.269932 162.032400 1.021979 
0.160465 72.273095 162.139580 1.022361 
0.160624 72.265862 162.247419 1.022236 
0.160700 72.275402 162.357916 1.022387 
0.160832 72.276040 162.461725 1.022341 
0.161372 72.276364 162.560634 1.022367 
0.161425 72.277818 162.666781 1.022370 
0.161733 72.273778 162.781619 1.022311 
0.161794 72.278850 162.880756 1.022329 
0.162046 72.273593 162.988388 1.022274 
0.162165 72.279790 163.086409 1.022317 
0.162443 72.287331 163.186799 1.022055 
0.162521 72.281566 163.287012 1.022232 
0.162657 72.279849 163.394314 1.022243 
0.162750 72.286048 163.493671 1.022186 
0.162925 72.287067 163.592537 1.022269 
0.163024 72.288867 163.689768 1.022495 
0.163076 72.292625 163.788725 1.022149 
0.163301 72.291306 163.889376 1.022243 
0.163430 72.285161 163.984950 1.022188 
0.163488 72.290951 164.073706 1.022354 
0.163783 72.292397 164.171488 1.022327 
0.163585 72.291961 164.270984 1.022054 
0.163930 72.300584 164.365795 1.022374 
0.163757 72.299374 164.458113 1.022162 
0.164026 72.294951 164.546167 1.022493 
0.163910 72.286426 164.646884 1.022426 
0.163943 72.288339 164.740082 1.022458 
0.164022 72.289711 164.823409 1.022168 
0.164254 72.285790 164.927813 1.022114 
0.164129 72.290265 165.018388 1.022348 
0.164190 72.284547 165.117507 1.022293 
0.164226 72.282101 165.208443 1.022025 
0.164366 72.290251 165.302831 1.022112 
0.164241 72.289877 165.386914 1.022127 
0.164315 72.289707 165.484687 1.022157 
0.164231 72.287859 165.584845 1.022112 
0.164492 72.289633 165.676676 1.022110 
0.164492 72.285552 165.763019 1.022022 
0.164536 72.287586 165.857228 1.022137 
0.164454 72.295830 165.949271 1.022245 
0.164504 72.288691 166.039803 1.022117 
0.164476 72.295257 166.131255 1.022063 
0.164829 72.296279 166.217630 1.022133 
0.164610 72.292549 166.313561 1.022230 
0.164824 72.296820 166.391177 1.022461 
0.164681 72.299877 166.479506 1.022357 
0.165014 72.294684 166.562854 1.022446 
0.164552 72.293268 166.648201 1.022403 
0.164803 72.300971 166.726864 1.022195 
0.165044 72.293041 166.813515 1.022299 
0.165120 72.296947 166.887828 1.022337 
0.165267 72.294228 166.969816 1.022260 
0.165024 72.292140 167.056525 1.022396 
0.165223 72.290586 167.134823 1.022417 
0.165225 72.291630 167.210978 1.022362 
0.165242 72.289850 167.285512 1.022334 
0.165508 72.292800 167.366901 1.022347 
0.165296 72.296645 167.440486 1.022456 
0.165598 72.287358 167.517386 1.022059 
0.165459 72.282101 167.586480 1.022252 
0.165593 72.289627 167.656317 1.022034 
0.165734 72.290865 167.726922 1.022234 
0.165577 72.285325 167.806613 1.022357 
0.165589 72.287795 167.877400 1.022244 
0.165918 72.285991 167.942015 1.022407 
0.165727 72.287857 168.021906 1.022220 
0.165903 72.289527 168.098114 1.022221 
0.165816 72.292458 168.168021 1.022225 
0.165920 72.291326 168.245365 1.022034 
0.166003 72.290710 168.315252 1.022217 
0.165879 72.287410 168.387742 1.022312 
0.166065 72.291198 168.457416 1.022272 
0.165982 72.289663 168.535892 1.022323 
0.165855 72.285092 168.600947 1.022295 
0.166291 72.293434 168.680283 1.022171 
0.166232 72.300809 168.752606 1.022151 
0.166028 72.287655 168.814724 1.021973 
0.166028 72.290222 168.890280 1.022221 
0.166062 72.300227 168.967386 1.022106 
0.166228 72.297295 169.034915 1.022105 
0.166185 72.301835 169.101334 1.022040 
0.166255 72.300313 169.178138 1.021985 
0.166199 72.299944 169.251670 1.022339 
0.166185 72.297538 169.316936 1.022236 
0.166258 72.305559 169.393947 1.022515 
0.166351 72.292617 169.456339 1.022364 
0.166267 72.305998 169.527629 1.022387 
0.166432 72.305238 169.597224 1.022147 
0.166617 72.305427 169.658039 1.022311 
0.166210 72.305603 169.738892 1.022371 
0.166456 72.299894 169.791651 1.022460 
0.166453 72.306454 169.859257 1.022349 
0.166527 72.305445 169.915765 1.022217 
0.166449 72.306654 169.974292 1.022406 
0.166774 72.313945 170.042850 1.022415 
0.166813 72.306773 170.095996 1.022244 
0.166797 72.311895 170.152392 1.022048 
0.166855 72.312780 170.221768 1.022169 
0.166759 72.311471 170.266206 1.022151 
0.166889 72.314608 170.326637 1.022365 
0.166869 72.318504 170.383398 1.022333 
0.166671 72.314746 170.443222 1.022347 
0.166969 72.313215 170.497051 1.022157 
0.166874 72.322582 170.553883 1.022256 
0.166929 72.315549 170.599602 1.022194 
0.167006 72.316285 170.658872 1.022038 
0.166822 72.312153 170.704696 1.022124 
0.167032 72.316470 170.753481 1.022164 
0.166869 72.314258 170.805986 1.022284 
0.167091 72.313627 170.856352 1.022235 
0.166809 72.309795 170.901879 1.022268 
0.167075 72.317199 170.955808 1.022322 
0.166912 72.313672 171.002530 1.022197 
0.166700 72.312448 171.051080 1.022295 
0.166950 72.314209 171.103121 1.022366 
0.166844 72.306505 171.155053 1.022291 
0.167041 72.316415 171.203712 1.022164 
0.167000 72.311908 171.251497 1.022217 
0.166834 72.311484 171.302473 1.022219 
0.167039 72.304249 171.343257 1.022279 
0.166835 72.313015 171.395123 1.022212 
0.166856 72.302706 171.438169 1.022055 
0.167052 72.302263 171.477620 1.022342 
0.166872 72.305007 171.527717 1.022295 
0.166950 72.301553 171.576114 1.022343 
0.166573 72.309346 171.615789 1.022308 
0.166853 72.314370 171.665408 1.022224 
0.166667 72.312325 171.708090 1.022294 
0.166840 72.320981 171.758650 1.022498 
0.166629 72.319560 171.797628 1.022400 
0.166610 72.315686 171.845881 1.022324 
0.166528 72.327428 171.896557 1.022268 
0.166626 72.330599 171.931456 1.022457 
0.166558 72.326447 171.967966 1.022351 
0.166350 72.329258 172.017957 1.022373 
0.166475 72.326983 172.059171 1.022150 
0.166362 72.337702 172.100172 1.022374 
0.166403 72.336468 172.150534 1.022060 
0.166257 72.341348 172.200956 1.022238 
0.166296 72.333266 172.233967 1.022255 
0.166353 72.342761 172.272700 1.022193 
0.166319 72.346896 172.317886 1.022158 
0.166276 72.343700 172.360935 1.022250 
0.166567 72.341013 172.402928 1.022230 
0.166335 72.347448 172.443741 1.022232 
0.166595 72.350765 172.487317 1.021893 
0.166367 72.351150 172.535591 1.022196 
0.166558 72.353327 172.575156 1.022030 
0.166253 72.356903 172.616181 1.022146 
0.166145 72.357513 172.658893 1.022182 
0.166287 72.357889 172.692944 1.022159 
0.166318 72.351336 172.744496 1.022338 
0.166350 72.355260 172.776773 1.022164 
0.166283 72.362734 172.817384 1.022200 
0.166268 72.360831 172.865813 1.022341 
0.166503 72.361859 172.898754 1.022209 
0.166255 72.359018 172.951168 1.022141 
0.166524 72.361636 172.982549 1.022109 
0.166389 72.368222 173.026908 1.022180 
0.166443 72.365384 173.068155 1.022228 
0.166314 72.368751 173.109612 1.022282 
0.166538 72.368129 173.150140 1.022195 
0.166364 72.375213 173.185223 1.022214 
0.166295 72.370793 173.233669 1.022324 
0.166366 72.366117 173.267345 1.022438 
0.166311 72.367481 173.310729 1.022250 
0.166366 72.373140 173.351659 1.022251 
0.166150 72.366695 173.393462 1.022229 
0.166301 72.367989 173.440039 1.022256 
0.166218 72.374784 173.470211 1.022231 
0.166255 72.379859 173.521769 1.022296 
0.166254 72.388547 173.562334 1.022170 
0.166223 72.381528 173.598991 1.022238 
0.166283 72.382931 173.641536 1.022246 
0.166187 72.385884 173.679448 1.022136 
0.166122 72.375721 173.714778 1.022564 
0.166224 72.383622 173.760001 1.022294 
0.166137 72.382517 173.793991 1.022344 
0.166171 72.381743 173.830256 1.022287 
0.166254 72.374993 173.871131 1.022393 
0.166249 72.378897 173.906763 1.022457 
0.166053 72.372754 173.952260 1.022428 
0.166341 72.381095 173.987266 1.022449 
0.166210 72.384094 174.012805 1.022357 
0.166192 72.388293 174.055839 1.022416 
0.166258 72.388357 174.092536 1.022256 
