0.123436 70.587306 151.569751 1.022077 
0.123438 70.589603 151.530503 1.022267 
0.123486 70.589417 151.492230 1.022264 
0.123621 70.596574 151.463225 1.022235 
0.123393 70.596532 151.410138 1.022395 
0.123696 70.596840 151.376451 1.022298 
0.123742 70.604542 151.341420 1.022342 
0.123704 70.606589 151.295342 1.022216 
0.123743 70.609921 151.261616 1.022315 
0.123863 70.608651 151.216894 1.022188 
0.123840 70.614314 151.183486 1.022224 
0.123868 70.617712 151.142573 1.022259 
0.123859 70.616097 151.102193 1.022181 
0.123915 70.626442 151.056816 1.022197 
0.124060 70.634643 151.014101 1.022405 
0.123833 70.625386 150.971021 1.022310 
0.123731 70.632880 150.934907 1.022416 
0.123893 70.636611 150.894874 1.022217 
0.123840 70.634275 150.855877 1.022350 
0.123820 70.636308 150.806639 1.022056 
0.123819 70.645896 150.773931 1.022369 
0.123905 70.641102 150.740024 1.022209 
0.123812 70.644695 150.697051 1.022262 
0.123753 70.645255 150.664720 1.022245 
0.123887 70.649542 150.634786 1.022151 
0.123710 70.650443 150.595240 1.022232 
0.123832 70.642622 150.560223 1.022281 
0.123576 70.654762 150.521059 1.022321 
0.123675 70.648065 150.493344 1.022284 
0.123517 70.652323 150.461041 1.022177 
0.123471 70.664946 150.432348 1.022302 
0.123355 70.661611 150.390085 1.022344 
0.123379 70.669493 150.364514 1.022377 
0.123196 70.669234 150.323709 1.022286 
0.123232 70.670552 150.287685 1.022423 
0.123054 70.665979 150.258853 1.022124 
0.123200 70.667783 150.219545 1.022221 
0.122930 70.678391 150.191387 1.022243 
0.122851 70.677494 150.156566 1.022252 
0.122636 70.674468 150.118181 1.022048 
0.122912 70.677018 150.075554 1.022145 
0.122624 70.674394 150.049388 1.022283 
0.122779 70.670808 150.000126 1.022285 
0.122598 70.682898 149.964635 1.022312 
0.122700 70.679484 149.936197 1.022547 
0.122541 70.686455 149.887294 1.022200 
0.122407 70.683393 149.858363 1.022182 
0.122428 70.685197 149.818043 1.022315 
0.122485 70.680385 149.775168 1.022417 
0.122401 70.680664 149.742941 1.022151 
0.122373 70.681813 149.710765 1.022316 
0.122167 70.682144 149.669810 1.022381 
0.122209 70.680381 149.633925 1.022331 
0.122109 70.686069 149.600599 1.022376 
0.122103 70.685692 149.560449 1.022263 
0.121906 70.680958 149.529848 1.022191 
0.122274 70.682639 149.484829 1.022164 
0.121763 70.677812 149.454213 1.022173 
0.121789 70.687781 149.420292 1.022336 
0.121769 70.679325 149.389501 1.022370 
0.121646 70.678227 149.350598 1.022373 
0.121520 70.683067 149.312504 1.022266 
0.121538 70.677514 149.284084 1.022292 
0.121408 70.676191 149.250250 1.021973 
0.121254 70.681221 149.216559 1.022196 
0.120995 70.681519 149.191880 1.022052 
0.120948 70.679211 149.154746 1.022060 
0.121095 70.679734 149.124946 1.021992 
0.120698 70.677049 149.097450 1.022281 
0.120719 70.684586 149.060889 1.022214 
0.120473 70.676837 149.035512 1.022168 
0.120505 70.674791 148.997948 1.022176 
0.120204 70.677973 148.962665 1.022177 
0.120137 70.676456 148.932409 1.022023 
0.120227 70.680194 148.905035 1.022353 
0.119978 70.682816 148.877654 1.022271 
0.119772 70.674683 148.852284 1.022296 
0.119964 70.670113 148.819407 1.022321 
0.119800 70.678923 148.798388 1.022271 
0.119961 70.674171 148.758215 1.022455 
0.119559 70.674444 148.726840 1.022408 
0.119672 70.674230 148.698975 1.022291 
0.119731 70.667289 148.667026 1.022225 
0.119707 70.670946 148.643674 1.022404 
0.119493 70.670558 148.612857 1.022216 
0.119679 70.665526 148.584258 1.022347 
0.119291 70.671382 148.547914 1.022511 
0.119417 70.674218 148.521320 1.022389 
0.119375 70.667941 148.492149 1.022013 
0.119698 70.673714 148.468267 1.022127 
0.119528 70.669004 148.434221 1.022195 
0.119437 70.677429 148.398738 1.022164 
0.119700 70.669253 148.371898 1.022330 
0.119320 70.677201 148.335436 1.022191 
0.119555 70.677672 148.302793 1.022004 
0.119360 70.679727 148.269498 1.022443 
0.119554 70.670102 148.229387 1.022294 
0.119436 70.676025 148.197930 1.022377 
0.119505 70.676647 148.160746 1.022311 
0.119554 70.675365 148.125168 1.022191 
0.119674 70.678758 148.091377 1.022321 
0.119572 70.680115 148.049879 1.022295 
0.119859 70.676383 148.022533 1.022342 
0.119613 70.678748 147.990442 1.022402 
0.119811 70.670662 147.942341 1.022299 
0.119892 70.670599 147.908671 1.022350 
0.120022 70.673421 147.880406 1.022326 
0.119824 70.673668 147.842313 1.022375 
0.120035 70.672807 147.810407 1.022426 
0.120115 70.663724 147.778125 1.022262 
0.120170 70.673663 147.740666 1.022288 
0.120415 70.668551 147.699459 1.022325 
0.120477 70.666732 147.679017 1.022490 
0.120470 70.670100 147.636297 1.022379 
0.120421 70.665942 147.607782 1.022354 
0.120392 70.663027 147.572840 1.022526 
0.120521 70.671758 147.535803 1.022241 
0.120611 70.669450 147.500944 1.022289 
0.120682 70.656109 147.465041 1.022391 
0.120638 70.668627 147.431956 1.022248 
0.120686 70.662214 147.392856 1.022066 
0.120793 70.662029 147.349594 1.022063 
0.120891 70.669715 147.305152 1.022218 
0.120671 70.664072 147.265001 1.022292 
0.120854 70.668234 147.237512 1.022149 
0.120892 70.668615 147.199756 1.022415 
0.120876 70.663795 147.165544 1.022466 
0.120904 70.673627 147.131027 1.022389 
0.121079 70.668767 147.097586 1.022393 
0.121136 70.656571 147.060696 1.022417 
0.121123 70.657065 147.025774 1.022318 
0.121299 70.660890 146.991877 1.022341 
0.121224 70.664534 146.959645 1.022317 
0.121446 70.663424 146.929153 1.022316 
0.121294 70.663294 146.897001 1.022221 
0.121338 70.666595 146.867620 1.022252 
0.121364 70.658828 146.824422 1.022313 
0.121318 70.666222 146.797021 1.022179 
0.121429 70.659828 146.772086 1.022192 
0.121344 70.667583 146.730520 1.022284 
0.121417 70.662229 146.699818 1.022213 
0.121438 70.666666 146.672349 1.022277 
0.121618 70.656657 146.643408 1.022227 
0.121490 70.657791 146.610870 1.022289 
0.121335 70.664541 146.573217 1.022095 
0.121605 70.665960 146.542557 1.022158 
0.121612 70.663881 146.506252 1.022323 
0.121626 70.662708 146.483156 1.022263 
0.121578 70.665660 146.457289 1.022389 
0.121426 70.666792 146.431519 1.022136 
0.121698 70.665370 146.404047 1.022114 
0.121665 70.667682 146.385082 1.022140 
0.121630 70.659322 146.352479 1.022171 
0.121471 70.668364 146.329234 1.022425 
0.121613 70.671607 146.305212 1.022291 
0.121683 70.669262 146.284681 1.022239 
0.121882 70.666636 146.267825 1.022345 
0.121651 70.670310 146.238153 1.022189 
0.121729 70.665846 146.213677 1.022319 
0.121679 70.669036 146.181908 1.022409 
0.121814 70.667649 146.154565 1.022462 
0.121953 70.669385 146.133587 1.022366 
0.121958 70.664076 146.121696 1.022442 
0.121929 70.668286 146.096550 1.022349 
0.121830 70.664636 146.076086 1.022352 
0.121903 70.660239 146.045644 1.022316 
0.121969 70.669778 146.028974 1.022411 
0.122012 70.659143 146.003316 1.022241 
0.122003 70.661981 145.977213 1.022388 
0.122081 70.660211 145.962636 1.022433 
0.122193 70.659728 145.930844 1.022306 
0.122298 70.662605 145.914586 1.022386 
0.122175 70.662417 145.891132 1.022221 
0.122343 70.663873 145.878061 1.022149 
0.122230 70.667021 145.854944 1.022285 
0.122292 70.662339 145.828083 1.022210 
0.122302 70.663884 145.800774 1.022148 
0.122513 70.666335 145.788996 1.022354 
0.122539 70.666596 145.772991 1.022260 
0.122487 70.662632 145.754661 1.022077 
0.122312 70.666811 145.743031 1.022415 
0.122458 70.662199 145.715868 1.022382 
0.122468 70.668107 145.702164 1.022330 
0.122637 70.661030 145.693333 1.022300 
0.122576 70.668302 145.664372 1.022421 
0.122677 70.662973 145.657004 1.022404 
0.122515 70.655670 145.641884 1.022312 
0.122671 70.661403 145.617142 1.022371 
0.122550 70.661266 145.603286 1.022241 
0.122840 70.663154 145.590367 1.022152 
0.122793 70.659171 145.571405 1.022299 
0.122543 70.661010 145.555583 1.022357 
0.122690 70.657079 145.536042 1.022335 
0.122671 70.664713 145.524068 1.022274 
0.122756 70.656359 145.500913 1.022076 
0.122735 70.653960 145.490310 1.021985 
0.122512 70.661098 145.475132 1.022134 
0.122482 70.654490 145.458007 1.022133 
0.122774 70.666284 145.446119 1.022302 
0.122504 70.655064 145.434744 1.022244 
