0.114786 75.630893 141.489357 1.022338 
0.114713 75.626659 141.439573 1.022235 
0.114628 75.629698 141.388394 1.022373 
0.114425 75.635833 141.337352 1.022484 
0.114451 75.633768 141.279340 1.022344 
0.114248 75.633068 141.242717 1.022453 
0.114353 75.627947 141.195101 1.022377 
0.114263 75.632804 141.147755 1.022422 
0.114155 75.632889 141.097901 1.022347 
0.113975 75.641705 141.047783 1.022425 
0.113746 75.626360 140.989581 1.022261 
0.113785 75.633585 140.949437 1.022239 
0.113773 75.628493 140.904823 1.022389 
0.113708 75.630788 140.851608 1.022380 
0.113403 75.634245 140.806593 1.022426 
0.113522 75.635420 140.755526 1.022170 
0.113206 75.637533 140.709007 1.022284 
0.113161 75.630938 140.669446 1.022274 
0.113171 75.630762 140.620400 1.022368 
0.113115 75.637858 140.580130 1.022252 
0.112845 75.638257 140.526608 1.022111 
0.112851 75.634837 140.481679 1.022121 
0.112724 75.635786 140.434653 1.022301 
0.112742 75.640544 140.397777 1.022323 
0.112713 75.633434 140.358853 1.022145 
0.112681 75.640214 140.314341 1.022280 
0.112643 75.639932 140.275542 1.022245 
0.112553 75.637194 140.240053 1.022286 
0.112363 75.640975 140.204248 1.022221 
0.112386 75.640512 140.166179 1.022141 
0.112381 75.638433 140.119689 1.022155 
0.112333 75.642583 140.093586 1.022372 
0.112206 75.646031 140.055659 1.022161 
0.112156 75.641980 140.013387 1.022340 
0.111954 75.644229 139.981903 1.022181 
0.111961 75.642374 139.952942 1.022206 
0.111902 75.637370 139.902365 1.022472 
0.111978 75.634747 139.866349 1.022305 
0.111743 75.643675 139.830159 1.022245 
0.111874 75.637126 139.793093 1.022455 
0.111807 75.640143 139.756316 1.022375 
0.111618 75.646110 139.716896 1.022293 
0.111687 75.645732 139.668458 1.022420 
0.111565 75.640869 139.634056 1.022383 
0.111516 75.638920 139.595384 1.022228 
0.111729 75.639354 139.552315 1.022308 
0.111520 75.643442 139.514646 1.022504 
0.111477 75.644753 139.471991 1.022285 
0.111508 75.635210 139.437498 1.022214 
0.111369 75.638023 139.400162 1.022206 
0.111203 75.647837 139.364269 1.022301 
0.111250 75.647036 139.319617 1.022272 
0.111143 75.643405 139.292265 1.022264 
0.111256 75.639603 139.247837 1.022274 
0.111077 75.640185 139.213840 1.022297 
0.111112 75.629788 139.173428 1.022422 
0.111077 75.637841 139.148037 1.022194 
0.110929 75.641099 139.098584 1.022270 
0.111039 75.639856 139.075504 1.022192 
0.111000 75.645468 139.028613 1.022409 
0.110991 75.635553 138.997991 1.022208 
0.110934 75.634544 138.967603 1.022138 
0.110865 75.632327 138.933220 1.022131 
0.110916 75.638886 138.912257 1.022147 
0.110807 75.630282 138.881378 1.022138 
0.110844 75.640359 138.842395 1.022387 
0.110843 75.631912 138.813128 1.021952 
0.110759 75.639153 138.781956 1.022242 
0.110886 75.639327 138.753784 1.022114 
0.110967 75.646563 138.725498 1.022214 
0.110883 75.645318 138.693807 1.022372 
0.110806 75.648009 138.663375 1.022373 
0.110654 75.645864 138.634458 1.022312 
0.110944 75.651834 138.595712 1.022337 
0.110635 75.651787 138.567348 1.022228 
0.110688 75.652586 138.536433 1.022437 
0.110875 75.655346 138.518708 1.022354 
0.110625 75.661554 138.490166 1.022378 
0.110727 75.659307 138.467581 1.022214 
0.110694 75.656882 138.438936 1.022342 
0.110605 75.661599 138.411979 1.022309 
0.110652 75.656534 138.394753 1.022055 
0.110710 75.665554 138.368441 1.022112 
0.110573 75.664917 138.346630 1.022133 
0.110877 75.668987 138.321113 1.022228 
0.110681 75.668134 138.294030 1.022198 
0.110747 75.667223 138.270151 1.021978 
0.110834 75.675927 138.245375 1.022459 
0.110784 75.671701 138.221466 1.022093 
0.110887 75.668332 138.202871 1.022222 
0.110792 75.672547 138.173931 1.022367 
0.111098 75.677870 138.147498 1.022470 
0.110949 75.677430 138.125316 1.022395 
0.110942 75.671925 138.092897 1.022394 
0.110907 75.667166 138.064607 1.022238 
0.111309 75.673457 138.033994 1.022122 
0.110854 75.673006 138.020891 1.022270 
0.111136 75.677853 137.985625 1.022201 
0.111184 75.672533 137.953633 1.022331 
0.110919 75.679377 137.929372 1.022223 
0.111129 75.677763 137.903201 1.022370 
0.111039 75.674759 137.879836 1.022207 
0.110989 75.685053 137.861979 1.022290 
0.111186 75.685404 137.828195 1.022145 
0.111080 75.691945 137.795501 1.022005 
0.110836 75.685429 137.771626 1.022377 
0.111183 75.694411 137.749137 1.022312 
0.111180 75.691641 137.719463 1.022359 
0.110945 75.692446 137.697166 1.022252 
0.111021 75.700185 137.672615 1.022402 
0.110938 75.694397 137.640671 1.022599 
0.110913 75.695502 137.618817 1.022295 
0.111007 75.694289 137.589467 1.022317 
0.110870 75.695352 137.563957 1.022493 
0.110699 75.695344 137.543436 1.022272 
0.110691 75.693920 137.511266 1.022409 
0.110629 75.694088 137.478505 1.022255 
0.110561 75.701751 137.452967 1.022119 
0.110729 75.694959 137.434274 1.022326 
0.110639 75.698630 137.396105 1.022399 
0.110531 75.699744 137.373590 1.022422 
0.110647 75.697347 137.344913 1.022225 
0.110415 75.695648 137.326360 1.022117 
0.110431 75.695028 137.292055 1.022414 
0.110544 75.691957 137.270514 1.022397 
0.110424 75.697404 137.236953 1.022259 
0.110558 75.688664 137.217633 1.022186 
0.110541 75.690130 137.181558 1.022305 
0.110570 75.692007 137.161329 1.022143 
0.110645 75.687119 137.139474 1.022292 
0.110400 75.679083 137.104996 1.022329 
0.110667 75.680486 137.090121 1.022368 
0.110652 75.691736 137.060726 1.022407 
0.110698 75.688795 137.034185 1.022199 
0.110391 75.682510 137.003892 1.022234 
0.110647 75.683418 136.982438 1.022280 
0.110525 75.686787 136.950213 1.022134 
0.110339 75.683097 136.923089 1.022220 
0.110435 75.682651 136.894256 1.022248 
0.110382 75.684506 136.863132 1.022328 
0.110321 75.681245 136.842430 1.022264 
0.110432 75.692126 136.809346 1.022298 
0.110486 75.687597 136.777514 1.022358 
0.110202 75.685402 136.747929 1.022093 
0.110400 75.694339 136.724455 1.022251 
0.110342 75.692185 136.696038 1.022151 
0.110239 75.697535 136.665438 1.022260 
0.110394 75.692001 136.641498 1.022459 
0.110247 75.699233 136.616433 1.022289 
0.110133 75.696580 136.583894 1.022319 
0.110375 75.698217 136.556628 1.022127 
0.110276 75.704069 136.533878 1.022312 
0.110319 75.696933 136.507060 1.022321 
0.110187 75.702449 136.478661 1.022397 
0.110347 75.698084 136.455394 1.022369 
0.110252 75.699845 136.426425 1.022108 
0.110262 75.700529 136.403899 1.022245 
0.110325 75.699135 136.368264 1.022168 
0.110314 75.704911 136.346203 1.022187 
0.110313 75.700370 136.315510 1.022323 
0.110493 75.699929 136.287592 1.022269 
0.110483 75.708299 136.269853 1.022201 
0.110365 75.699373 136.242903 1.022323 
0.110397 75.695516 136.223111 1.022312 
0.110380 75.697968 136.195543 1.022289 
0.110697 75.687834 136.164917 1.022362 
0.110558 75.691278 136.146380 1.022451 
0.110474 75.689621 136.123627 1.022416 
0.110548 75.686888 136.104389 1.022295 
0.110661 75.681265 136.085596 1.022272 
0.110518 75.685747 136.067212 1.022390 
0.110539 75.691979 136.044132 1.022211 
0.110698 75.685036 136.029744 1.022269 
0.110474 75.686487 136.013847 1.022363 
0.110630 75.684031 135.995642 1.022355 
0.110957 75.678517 135.969034 1.022264 
0.110707 75.676205 135.952779 1.022458 
0.110525 75.676184 135.927128 1.022248 
0.110663 75.676042 135.916333 1.022421 
0.110622 75.675004 135.889520 1.022260 
0.110706 75.667095 135.874190 1.022296 
0.110863 75.673508 135.849672 1.022382 
0.110721 75.669107 135.819166 1.022369 
0.110524 75.660274 135.800024 1.022298 
0.110618 75.666349 135.777489 1.022343 
0.110591 75.668372 135.757227 1.022376 
0.110569 75.661844 135.740842 1.022536 
0.110582 75.663457 135.714515 1.022377 
0.110855 75.657050 135.696553 1.022396 
0.110756 75.658371 135.683956 1.022378 
0.110574 75.663414 135.652251 1.022389 
0.110723 75.655634 135.640330 1.022120 
0.110580 75.653675 135.609565 1.022308 
0.110728 75.657067 135.592237 1.022308 
0.110564 75.653417 135.566682 1.022218 
0.110582 75.651374 135.539781 1.022273 
0.110703 75.656515 135.517817 1.022385 
0.110928 75.652094 135.501251 1.022374 
0.110827 75.653236 135.483070 1.022334 
0.110532 75.649534 135.463486 1.022385 
