0.159786 74.907077 170.637554 1.022305 
0.210780 75.097925 196.251415 1.022313 
0.210813 75.106701 196.364603 1.021986 
0.210943 75.100185 196.472878 1.022145 
0.211080 75.102178 196.577837 1.022082 
0.211361 75.105127 196.687939 1.022163 
0.211501 75.098629 196.794295 1.022149 
0.211706 75.098487 196.897764 1.022023 
0.211594 75.095931 197.010983 1.022011 
0.211800 75.099062 197.122146 1.022123 
0.211887 75.104614 197.212578 1.022219 
0.211861 75.105126 197.321738 1.022217 
0.212151 75.103283 197.417102 1.022189 
0.212348 75.099200 197.523317 1.022383 
0.212014 75.098907 197.623723 1.022147 
0.212475 75.091409 197.724930 1.022375 
0.212766 75.089101 197.818285 1.022227 
0.212831 75.091780 197.916703 1.022141 
0.212785 75.094867 198.012775 1.022258 
0.212915 75.093318 198.110119 1.022222 
0.213254 75.086460 198.199037 1.022421 
0.213257 75.084904 198.303128 1.022304 
0.213305 75.085340 198.385762 1.022097 
0.213500 75.080267 198.471084 1.022154 
0.213775 75.085403 198.563111 1.022211 
0.213709 75.084934 198.657018 1.022033 
0.213779 75.087985 198.746741 1.021998 
0.214079 75.087699 198.832991 1.021995 
0.214003 75.075215 198.937469 1.022556 
0.214150 75.085540 199.025587 1.022275 
0.214299 75.081443 199.112705 1.022203 
0.214237 75.082909 199.218349 1.022385 
0.214490 75.077449 199.303291 1.022228 
0.214439 75.091546 199.391406 1.022212 
0.214650 75.087696 199.483811 1.022302 
0.214480 75.085218 199.578355 1.022158 
0.214390 75.085971 199.661926 1.022304 
0.214535 75.080387 199.755746 1.022221 
0.214494 75.085294 199.842125 1.022368 
0.214578 75.090423 199.921137 1.022346 
0.214593 75.086937 200.011975 1.022100 
0.214568 75.080755 200.108470 1.022324 
0.214364 75.084154 200.188288 1.022289 
0.214630 75.082410 200.260974 1.022212 
0.214562 75.083425 200.357754 1.022333 
0.214238 75.095367 200.434906 1.022132 
0.214396 75.085125 200.516977 1.022024 
0.214570 75.091652 200.603274 1.022170 
0.214610 75.086773 200.675147 1.022059 
0.214576 75.098084 200.762365 1.022051 
0.214570 75.088614 200.840437 1.022132 
0.214626 75.093033 200.914614 1.022169 
0.214559 75.093435 200.997642 1.022319 
0.214463 75.090115 201.076082 1.022008 
0.214780 75.092090 201.163790 1.022236 
0.214563 75.088817 201.236959 1.022193 
0.214463 75.090856 201.313671 1.022358 
0.214480 75.087376 201.397431 1.022224 
0.214642 75.093646 201.471033 1.022320 
0.214751 75.095023 201.565911 1.022287 
0.214791 75.096185 201.641899 1.022458 
0.215034 75.090763 201.723262 1.022100 
0.215019 75.101396 201.807428 1.022120 
0.215149 75.100882 201.896732 1.022225 
0.215316 75.103304 201.974800 1.022101 
0.215143 75.100863 202.048362 1.022150 
0.215628 75.097775 202.117510 1.022103 
0.215336 75.102644 202.214899 1.022124 
0.215604 75.107160 202.287791 1.022296 
0.215688 75.098785 202.349872 1.022380 
0.215700 75.103463 202.435554 1.022189 
0.215623 75.099983 202.503588 1.022173 
0.216063 75.096397 202.583290 1.022125 
0.216122 75.087964 202.654524 1.022051 
0.216374 75.087336 202.723755 1.022116 
0.216302 75.088190 202.799823 1.022318 
0.216774 75.088204 202.869578 1.022152 
0.216514 75.089644 202.942233 1.022225 
0.216994 75.096873 203.012065 1.022195 
0.217198 75.092722 203.086150 1.022237 
0.216756 75.086015 203.154412 1.022133 
0.217225 75.083360 203.224241 1.022332 
0.217068 75.087881 203.293956 1.022368 
0.217330 75.085230 203.371091 1.022061 
0.217343 75.086129 203.437590 1.022224 
0.217417 75.088574 203.507324 1.022139 
0.217638 75.083275 203.575337 1.022152 
0.217578 75.089366 203.627873 1.022344 
0.217600 75.082162 203.701986 1.022251 
0.217928 75.086263 203.764808 1.022424 
0.217901 75.081964 203.830833 1.022298 
0.217872 75.076769 203.891192 1.022265 
0.217883 75.083034 203.960917 1.022269 
0.217882 75.074139 204.028156 1.022180 
0.217886 75.076187 204.092485 1.022255 
0.218080 75.074520 204.156649 1.022272 
0.218211 75.079502 204.219278 1.022461 
0.218111 75.074409 204.285259 1.022265 
0.218027 75.083414 204.349582 1.022200 
0.218456 75.075421 204.415331 1.022251 
0.218209 75.074421 204.477807 1.022278 
0.218507 75.071779 204.545224 1.022397 
0.218472 75.078759 204.608028 1.022143 
0.218499 75.077686 204.670339 1.022281 
0.218362 75.073436 204.736890 1.022269 
0.218787 75.079938 204.790637 1.022227 
0.218802 75.072177 204.872426 1.021966 
0.218864 75.082067 204.927242 1.022150 
0.219226 75.078660 204.993497 1.022178 
0.219325 75.080553 205.056247 1.022321 
0.219386 75.076938 205.121147 1.022440 
0.219408 75.079454 205.178446 1.022256 
0.219358 75.077215 205.237974 1.022304 
0.219694 75.079736 205.287784 1.022352 
0.219788 75.084371 205.347367 1.022214 
0.219852 75.084510 205.405521 1.022253 
0.219740 75.081492 205.452269 1.022286 
0.219947 75.083835 205.502660 1.022437 
0.220178 75.086788 205.554401 1.022370 
0.220092 75.087929 205.613295 1.022313 
0.220239 75.096405 205.665253 1.022177 
0.220168 75.095697 205.722010 1.022150 
0.220449 75.100824 205.774039 1.022127 
0.220395 75.103303 205.827073 1.022248 
0.220741 75.101147 205.883515 1.022264 
0.220522 75.104582 205.942121 1.022175 
0.220944 75.100008 205.985496 1.022232 
0.220656 75.100632 206.039151 1.022015 
0.220957 75.105743 206.092237 1.022292 
0.220499 75.106131 206.150960 1.022082 
0.220851 75.112896 206.209010 1.022208 
0.220864 75.111828 206.258607 1.022474 
0.221224 75.114933 206.319451 1.022241 
0.221229 75.112730 206.373195 1.022306 
0.221034 75.116204 206.434752 1.022354 
0.221197 75.110825 206.482680 1.022432 
0.221216 75.119966 206.532155 1.022310 
0.221505 75.121891 206.595929 1.022337 
0.221377 75.121107 206.637847 1.022467 
0.221506 75.124830 206.683384 1.022227 
0.221532 75.116413 206.740638 1.022366 
0.221438 75.124568 206.790004 1.022351 
0.221493 75.123165 206.855319 1.022301 
0.221605 75.125771 206.903014 1.022336 
0.221816 75.126592 206.954719 1.022332 
0.221639 75.117915 207.002282 1.022196 
0.221792 75.128722 207.055223 1.022293 
0.221884 75.132769 207.108301 1.022221 
0.221629 75.128702 207.156923 1.022194 
0.222178 75.129091 207.211531 1.022238 
0.221798 75.121299 207.259315 1.022088 
0.222069 75.122170 207.317083 1.022264 
0.221929 75.125670 207.373389 1.022138 
0.221976 75.129955 207.419775 1.022388 
0.222065 75.133187 207.468433 1.022173 
0.222302 75.134228 207.517016 1.022218 
0.221982 75.138977 207.573976 1.022332 
0.222083 75.139649 207.622761 1.022229 
0.222009 75.137851 207.671510 1.022281 
0.221955 75.144831 207.727879 1.022455 
0.222238 75.143627 207.779451 1.022146 
0.221946 75.137638 207.831610 1.022287 
0.222247 75.137351 207.887376 1.022370 
0.221555 75.131315 207.939019 1.022234 
0.221817 75.143201 207.982765 1.022300 
0.222058 75.142649 208.030070 1.022300 
0.221701 75.144607 208.071662 1.022306 
0.221514 75.143955 208.120672 1.022218 
0.221478 75.146797 208.160908 1.022206 
0.221633 75.144331 208.213844 1.022113 
0.221300 75.149951 208.243294 1.022313 
0.221266 75.151827 208.287643 1.022342 
0.221438 75.158512 208.329740 1.022124 
0.221187 75.156807 208.363860 1.022428 
0.220972 75.157075 208.404674 1.022335 
0.221218 75.145657 208.454049 1.022360 
0.221029 75.156078 208.477937 1.022417 
0.221019 75.159271 208.529008 1.022421 
0.220901 75.147950 208.556286 1.022318 
0.221104 75.152345 208.593958 1.022310 
0.220541 75.144399 208.642952 1.021993 
0.220733 75.152297 208.674146 1.022117 
0.220558 75.153001 208.720294 1.022213 
0.220348 75.150127 208.753227 1.022159 
0.220514 75.148240 208.796875 1.022096 
0.220440 75.145556 208.836318 1.022201 
0.220220 75.151798 208.878793 1.022281 
0.220330 75.146937 208.912418 1.022261 
0.220311 75.144773 208.955103 1.022106 
0.220062 75.144813 208.996617 1.022227 
0.220187 75.142443 209.038996 1.022168 
0.219944 75.144707 209.077683 1.022068 
0.219869 75.141295 209.119509 1.022204 
0.220014 75.143042 209.159060 1.022057 
0.219914 75.140576 209.188321 1.022296 
0.219943 75.146425 209.236847 1.022203 
0.219718 75.145386 209.269210 1.022260 
0.220127 75.147708 209.303569 1.022309 
0.219629 75.150952 209.344227 1.022281 
0.219466 75.153320 209.371851 1.022572 
