0.124703 74.729290 139.814431 1.022377 
0.158410 74.851841 162.057512 1.022621 
0.158516 74.844647 162.125626 1.022480 
0.158182 74.845470 162.198184 1.022541 
0.158345 74.851742 162.272296 1.022486 
0.158456 74.850821 162.349922 1.022783 
0.158264 74.859165 162.409910 1.022465 
0.158390 74.851778 162.485680 1.022575 
0.158672 74.854407 162.553558 1.022410 
0.158290 74.860598 162.628776 1.022392 
0.158439 74.860685 162.693971 1.022416 
0.158718 74.857410 162.763983 1.022477 
0.158564 74.857649 162.830916 1.022197 
0.158630 74.864021 162.896588 1.022261 
0.158605 74.865508 162.960800 1.022186 
0.158863 74.866322 163.031310 1.022343 
0.158772 74.868962 163.095569 1.022568 
0.158829 74.867533 163.159662 1.022475 
0.158946 74.862840 163.229654 1.022419 
0.158977 74.866401 163.299376 1.022518 
0.159228 74.873134 163.364812 1.022432 
0.158784 74.867494 163.431427 1.022393 
0.159004 74.873826 163.495334 1.022335 
0.158985 74.876669 163.553437 1.022425 
0.159199 74.880231 163.625688 1.022275 
0.158902 74.873936 163.690843 1.022113 
0.159124 74.863499 163.750054 1.022319 
0.159022 74.869564 163.819202 1.022453 
0.159019 74.873617 163.877807 1.022401 
0.158992 74.873022 163.947399 1.022488 
0.159149 74.874075 164.009939 1.022472 
0.159095 74.870238 164.063913 1.022269 
0.159247 74.874417 164.134249 1.022371 
0.158941 74.875190 164.192546 1.022334 
0.159024 74.875745 164.258166 1.022184 
0.159111 74.874301 164.313651 1.022324 
0.158894 74.880780 164.368508 1.022464 
0.159138 74.882008 164.438344 1.022391 
0.158932 74.884045 164.493005 1.022458 
0.159149 74.885317 164.549919 1.022522 
0.159006 74.884402 164.611549 1.022299 
0.159101 74.878520 164.667077 1.022500 
0.159066 74.883895 164.730082 1.022294 
0.159025 74.882860 164.785340 1.022440 
0.159071 74.886878 164.841351 1.022386 
0.159203 74.879752 164.903901 1.022442 
0.159155 74.882245 164.957435 1.022541 
0.158967 74.884139 165.019023 1.022509 
0.159165 74.884470 165.072418 1.022572 
0.158856 74.882403 165.115354 1.022423 
0.159219 74.882936 165.176310 1.022389 
0.159158 74.884682 165.229154 1.022489 
0.159166 74.886469 165.285252 1.022675 
0.159228 74.885365 165.341018 1.022438 
0.159213 74.877951 165.384277 1.022578 
0.159155 74.883244 165.445603 1.022440 
0.159271 74.882271 165.498302 1.022409 
0.158994 74.882308 165.545382 1.022376 
0.159401 74.880369 165.596617 1.022585 
0.159279 74.886650 165.660871 1.022395 
0.159254 74.882792 165.704978 1.022342 
0.159218 74.887802 165.756262 1.022464 
0.159124 74.884095 165.807631 1.022397 
0.159283 74.889182 165.858442 1.022324 
0.159152 74.885863 165.909888 1.022498 
0.159248 74.885615 165.964104 1.022314 
0.159136 74.891280 166.006763 1.022403 
0.159250 74.891891 166.064692 1.022433 
0.159374 74.896399 166.110889 1.022333 
0.159193 74.897402 166.159783 1.022418 
0.159276 74.898048 166.209243 1.022387 
0.159250 74.894075 166.262979 1.022323 
0.159346 74.901335 166.318176 1.022324 
0.159069 74.899704 166.365198 1.022352 
0.159536 74.901716 166.414706 1.022388 
0.159448 74.908786 166.468800 1.022269 
0.158726 74.901761 166.516792 1.022337 
0.159317 74.908588 166.559416 1.022394 
0.159342 74.905176 166.609663 1.022377 
0.159418 74.909417 166.656572 1.022441 
0.159475 74.906019 166.708463 1.022495 
0.159066 74.908513 166.754180 1.022448 
0.159337 74.915130 166.799100 1.022443 
0.159414 74.918245 166.862392 1.022405 
0.159365 74.917667 166.903774 1.022370 
0.159181 74.916061 166.953268 1.022315 
0.159198 74.912854 167.004141 1.022365 
0.159061 74.917766 167.051123 1.022376 
0.158824 74.915588 167.103557 1.022419 
0.158862 74.917443 167.144669 1.022101 
0.159050 74.917358 167.198241 1.022360 
0.158853 74.913148 167.241771 1.022403 
0.158803 74.914269 167.292154 1.022235 
0.159077 74.910174 167.341563 1.022349 
0.158713 74.912770 167.391094 1.022382 
0.158773 74.919682 167.431002 1.022457 
0.158769 74.916922 167.482152 1.022487 
0.158623 74.916527 167.523033 1.022303 
0.158562 74.918245 167.561450 1.022499 
0.158412 74.919108 167.600908 1.022466 
0.158508 74.924864 167.656883 1.022429 
0.158639 74.915235 167.686317 1.022249 
0.158128 74.914746 167.733519 1.022307 
0.158005 74.916746 167.780515 1.022425 
0.158354 74.914910 167.818877 1.022353 
0.158414 74.912899 167.853208 1.022233 
0.158275 74.913145 167.903291 1.022472 
0.158179 74.919499 167.935881 1.022456 
0.158291 74.921499 167.971430 1.022480 
0.158186 74.915765 168.014966 1.022467 
0.158096 74.913843 168.055135 1.022434 
0.158163 74.917477 168.094331 1.022542 
0.158098 74.915570 168.134174 1.022426 
0.158233 74.917553 168.169829 1.022312 
0.158027 74.911333 168.200542 1.022210 
0.158303 74.910168 168.255010 1.022236 
0.158278 74.918241 168.285598 1.022128 
0.158091 74.917180 168.323470 1.022196 
0.158286 74.917192 168.354943 1.022148 
0.158432 74.917571 168.387800 1.022119 
0.158434 74.915922 168.423028 1.022154 
0.158174 74.909992 168.457660 1.022289 
0.158435 74.909998 168.482066 1.022448 
0.158613 74.912465 168.517022 1.022277 
0.158499 74.907276 168.544546 1.022223 
0.158534 74.910318 168.581795 1.022124 
0.158614 74.909010 168.608826 1.022298 
0.158397 74.907948 168.649966 1.022311 
0.158367 74.908969 168.680494 1.022348 
0.158642 74.909720 168.712904 1.022457 
0.158598 74.902329 168.745144 1.022373 
0.158870 74.905081 168.770770 1.022367 
0.158614 74.902912 168.817378 1.022467 
0.158614 74.909747 168.848648 1.021993 
0.158527 74.909052 168.872213 1.022178 
0.158732 74.907110 168.903328 1.022255 
0.158481 74.910108 168.933974 1.022350 
0.158794 74.910753 168.958429 1.022125 
0.158566 74.911941 168.985076 1.022183 
0.158747 74.911827 169.021764 1.022207 
0.158463 74.913352 169.048382 1.022051 
0.158869 74.906396 169.079278 1.022191 
0.158691 74.907345 169.106277 1.022260 
0.158731 74.906216 169.135100 1.022229 
0.158522 74.907512 169.168048 1.022279 
0.158516 74.916261 169.198951 1.022172 
0.158806 74.915389 169.222050 1.022355 
0.158696 74.909020 169.250728 1.022217 
0.158655 74.910944 169.279989 1.022227 
0.158577 74.914910 169.301697 1.022276 
0.158758 74.915515 169.333531 1.022287 
0.158770 74.914685 169.362743 1.022158 
0.158893 74.906721 169.384520 1.022385 
0.158686 74.908954 169.412773 1.022243 
0.158892 74.909503 169.440113 1.022318 
0.158819 74.903085 169.465544 1.022363 
0.158898 74.907025 169.500009 1.022157 
0.158992 74.908382 169.524515 1.022090 
0.159178 74.914321 169.555170 1.022343 
0.158773 74.909330 169.577893 1.022293 
0.159129 74.905648 169.607525 1.022054 
0.159077 74.910443 169.634654 1.022176 
0.159185 74.907185 169.659576 1.022014 
0.159142 74.909289 169.683646 1.022288 
0.158945 74.905436 169.707970 1.022194 
0.159124 74.904900 169.728993 1.022191 
0.159471 74.898268 169.753253 1.022229 
0.159232 74.907242 169.786124 1.022219 
0.159373 74.900395 169.792507 1.022174 
0.159355 74.902032 169.825250 1.022197 
0.159175 74.907715 169.849007 1.022430 
0.159204 74.907510 169.884034 1.022142 
0.159522 74.906709 169.916751 1.022298 
0.159370 74.904522 169.937608 1.022393 
0.159595 74.905528 169.966143 1.022151 
0.159514 74.905621 169.987199 1.022221 
0.159838 74.905773 170.015412 1.022254 
0.159677 74.913190 170.044611 1.022208 
0.159968 74.910180 170.066755 1.022269 
0.160062 74.907489 170.092111 1.022301 
0.160141 74.904331 170.113364 1.022256 
0.160097 74.901356 170.143536 1.022199 
0.160224 74.910320 170.170129 1.022098 
0.160206 74.906065 170.193670 1.022399 
0.160161 74.906357 170.209670 1.022057 
0.159893 74.912127 170.231856 1.022314 
0.160057 74.905389 170.268391 1.022330 
0.159910 74.904796 170.283455 1.022057 
0.160367 74.908729 170.311162 1.022425 
0.159794 74.907722 170.342087 1.022242 
0.160223 74.908042 170.371621 1.022384 
0.160017 74.908423 170.395550 1.022209 
0.159983 74.907924 170.417069 1.022298 
0.160096 74.908491 170.454347 1.022130 
0.159907 74.912564 170.485029 1.021939 
0.160175 74.903502 170.511280 1.022291 
0.159980 74.904424 170.525224 1.022421 
0.160119 74.905470 170.561486 1.022170 
0.160096 74.905606 170.589021 1.022310 
0.160147 74.901811 170.611503 1.021963 
