0.052244 75.769461 136.360697 1.027724 
0.196937 75.544504 164.678979 1.027665 
0.197370 75.548985 164.693767 1.027631 
0.197761 75.540707 164.713182 1.027615 
0.198200 75.543732 164.721621 1.027694 
0.198653 75.541322 164.746178 1.027562 
0.199005 75.539499 164.764656 1.027559 
0.199582 75.537188 164.768083 1.027656 
0.199905 75.541569 164.790429 1.027546 
0.200174 75.537110 164.807922 1.027587 
0.200619 75.539058 164.820825 1.027652 
0.200861 75.543624 164.827646 1.027580 
0.201107 75.537585 164.850162 1.027487 
0.201358 75.532600 164.859219 1.027581 
0.201828 75.538828 164.868777 1.027664 
0.201900 75.538465 164.881141 1.027640 
0.201919 75.527702 164.898151 1.027652 
0.202167 75.521991 164.906799 1.027560 
0.202334 75.525674 164.922963 1.027513 
0.202543 75.528095 164.933366 1.027694 
0.202557 75.525980 164.942319 1.027693 
0.202801 75.529991 164.960162 1.027758 
0.202925 75.526600 164.969888 1.027502 
0.203090 75.533571 164.986017 1.027519 
0.203145 75.523035 164.998532 1.027648 
0.203094 75.527618 165.015988 1.027579 
0.203235 75.527294 165.025152 1.027490 
0.203592 75.522811 165.047583 1.027489 
0.203498 75.532794 165.058197 1.027457 
0.203382 75.520466 165.070871 1.027496 
0.203670 75.528118 165.084676 1.027373 
0.203437 75.525534 165.107873 1.027473 
0.203517 75.528476 165.120726 1.027362 
0.203488 75.518568 165.128757 1.027481 
0.203510 75.519100 165.158107 1.027582 
0.203490 75.519032 165.169471 1.027748 
0.203407 75.523461 165.188598 1.027521 
0.203417 75.522375 165.194467 1.027613 
0.203384 75.528270 165.213288 1.027596 
0.203264 75.529097 165.232423 1.027588 
0.202892 75.519893 165.235234 1.027499 
0.202676 75.520752 165.253126 1.027479 
0.202567 75.518470 165.267005 1.027519 
0.202339 75.511679 165.277424 1.027606 
0.202083 75.506730 165.289165 1.027633 
0.201749 75.510063 165.300251 1.027576 
0.201230 75.500654 165.309917 1.027764 
0.200926 75.509383 165.324912 1.027867 
0.200595 75.500112 165.328970 1.027391 
0.200070 75.499592 165.347739 1.027495 
0.199541 75.511187 165.361955 1.027570 
0.199099 75.506529 165.371812 1.027525 
0.198846 75.507015 165.378160 1.027516 
0.198372 75.493035 165.388686 1.027498 
0.197692 75.496032 165.401677 1.027527 
0.197166 75.491207 165.405520 1.027428 
0.196861 75.491204 165.408795 1.027303 
0.196105 75.496987 165.422527 1.027379 
0.195458 75.495263 165.427116 1.027574 
0.194970 75.499100 165.435438 1.027678 
0.194415 75.500823 165.441039 1.027510 
0.193770 75.493403 165.448981 1.027503 
0.193167 75.489275 165.456511 1.027452 
0.192319 75.494333 165.451855 1.027509 
0.191751 75.486725 165.456384 1.027465 
0.190679 75.491156 165.462482 1.027602 
0.190164 75.482471 165.472765 1.027543 
0.189540 75.485188 165.478765 1.027334 
0.188536 75.482580 165.473464 1.027431 
0.188084 75.476703 165.490801 1.027468 
0.187283 75.486180 165.491008 1.027707 
0.186401 75.477000 165.500314 1.027590 
0.185609 75.476183 165.499006 1.027568 
0.184987 75.472567 165.507272 1.027541 
0.184123 75.466394 165.516375 1.027391 
0.183249 75.466555 165.526125 1.027522 
0.182393 75.463736 165.522822 1.027455 
0.181650 75.457516 165.531081 1.027381 
0.180927 75.464842 165.547746 1.027482 
0.179786 75.464456 165.558889 1.027623 
0.178968 75.472437 165.558973 1.027607 
0.178399 75.460590 165.569256 1.027533 
0.177319 75.466088 165.577346 1.027690 
0.176627 75.464915 165.586622 1.027580 
0.175889 75.456395 165.593943 1.027681 
0.174902 75.463353 165.608741 1.027605 
0.174124 75.460032 165.613450 1.027650 
0.173243 75.460417 165.626139 1.027734 
0.172293 75.457704 165.640039 1.027512 
0.171524 75.457614 165.646258 1.027561 
0.170387 75.465250 165.657528 1.027578 
0.169615 75.466885 165.658542 1.027352 
0.168723 75.466714 165.670997 1.027385 
0.167727 75.467756 165.683973 1.027419 
0.166998 75.462203 165.691313 1.027476 
0.165902 75.458925 165.697493 1.027548 
0.164994 75.471105 165.703329 1.027789 
0.163955 75.466478 165.731012 1.027469 
0.162910 75.465398 165.730322 1.027521 
0.162060 75.469828 165.738794 1.027465 
0.160887 75.472551 165.747678 1.027458 
0.160096 75.465359 165.764517 1.027646 
0.158876 75.466335 165.769464 1.027504 
0.158103 75.465414 165.776649 1.027509 
0.157206 75.466985 165.784740 1.027380 
0.156020 75.460220 165.788705 1.027668 
0.155155 75.454389 165.797547 1.027667 
0.154263 75.457440 165.816062 1.027566 
0.153473 75.453892 165.821745 1.027541 
0.152113 75.454544 165.825600 1.027636 
0.151144 75.456335 165.841326 1.027563 
0.150315 75.447605 165.841543 1.027473 
0.149258 75.456898 165.864070 1.027474 
0.148232 75.453655 165.869913 1.027596 
0.147346 75.457222 165.880189 1.027666 
0.146463 75.458320 165.891358 1.027750 
0.145172 75.450154 165.892171 1.027538 
0.144201 75.457806 165.909098 1.027664 
0.143511 75.452719 165.910081 1.027502 
0.142315 75.454962 165.924917 1.027402 
0.141122 75.453406 165.935926 1.027391 
0.140634 75.459735 165.936500 1.027432 
0.139623 75.454160 165.952818 1.027644 
0.138648 75.462188 165.958050 1.027398 
0.138140 75.461795 165.966344 1.027563 
0.136789 75.467080 165.970688 1.027442 
0.135950 75.463284 165.978806 1.027416 
0.134784 75.460453 165.978249 1.027483 
0.134267 75.457708 165.975312 1.027288 
0.133119 75.460704 165.982892 1.027525 
0.131854 75.463886 165.985343 1.027374 
0.131304 75.463966 165.989043 1.027631 
0.130097 75.464443 165.991376 1.027585 
0.129277 75.468858 165.989823 1.027445 
0.128387 75.469147 165.997562 1.027480 
0.127458 75.471579 165.989930 1.027590 
0.126833 75.466024 165.995113 1.027613 
0.126050 75.462650 165.994986 1.027549 
0.125149 75.469544 165.997183 1.027517 
0.124214 75.469958 165.988431 1.027572 
0.123540 75.460394 166.002100 1.027573 
0.122863 75.477476 165.997875 1.027419 
0.121986 75.462061 165.999582 1.027554 
0.121455 75.473146 165.990745 1.027645 
0.120683 75.469383 165.998659 1.027612 
0.120327 75.471369 165.995357 1.027545 
0.119601 75.477016 165.991881 1.027437 
0.118680 75.472850 165.994909 1.027640 
0.118345 75.475334 165.997324 1.027594 
0.117568 75.476410 165.992273 1.027539 
0.116852 75.475058 166.000211 1.027515 
0.116403 75.465997 166.006674 1.027759 
0.116177 75.477458 165.994863 1.027650 
0.115476 75.475542 166.013664 1.027595 
0.114694 75.474148 166.017526 1.027842 
0.114468 75.468725 166.017899 1.027659 
0.114232 75.473914 166.028949 1.027732 
0.113548 75.468105 166.034864 1.027714 
0.113079 75.473351 166.041217 1.027367 
0.112893 75.474439 166.040463 1.027470 
0.112249 75.473499 166.055770 1.027346 
0.112424 75.469206 166.066445 1.027576 
0.111744 75.470794 166.067870 1.027660 
0.111678 75.469739 166.088552 1.027548 
0.111567 75.465773 166.093044 1.027604 
0.111170 75.466011 166.105972 1.027460 
0.110877 75.469966 166.101890 1.027609 
0.110585 75.468782 166.123475 1.027281 
0.110499 75.462036 166.125552 1.027448 
0.110505 75.470006 166.128212 1.027619 
0.110404 75.464581 166.143057 1.027328 
0.110341 75.467237 166.158578 1.027405 
0.110275 75.465900 166.157962 1.027522 
0.110114 75.469684 166.171098 1.027563 
0.110096 75.466297 166.185835 1.027456 
0.110440 75.460792 166.192065 1.027588 
0.110158 75.467310 166.204820 1.027632 
0.110026 75.469511 166.210061 1.027454 
0.110208 75.467196 166.211084 1.027730 
0.110303 75.464249 166.222382 1.027833 
0.110108 75.474697 166.216388 1.027592 
0.110219 75.468219 166.230809 1.027523 
0.110519 75.481091 166.235919 1.027577 
0.110546 75.476447 166.248140 1.027453 
0.110543 75.476088 166.255822 1.027628 
0.110713 75.467392 166.264528 1.027582 
0.110664 75.471081 166.272861 1.027543 
0.110968 75.461353 166.281639 1.027415 
0.111124 75.471491 166.291813 1.027424 
0.111070 75.470380 166.293428 1.027617 
0.111319 75.474604 166.303995 1.027542 
0.111488 75.471403 166.316565 1.027483 
0.111756 75.476445 166.323268 1.027589 
0.112116 75.463061 166.331532 1.027771 
0.112203 75.476041 166.351770 1.027658 
0.112826 75.475863 166.353406 1.027334 
0.112875 75.471923 166.374849 1.027400 
0.113228 75.471323 166.386084 1.027479 
0.113621 75.473142 166.399886 1.027451 
0.113974 75.471798 166.406887 1.027493 
