0.135756 75.058686 195.251841 1.027510 
0.135757 75.059289 195.336408 1.027579 
0.135914 75.060544 195.413218 1.027752 
0.135968 75.053754 195.485732 1.027623 
0.135953 75.062479 195.555726 1.027591 
0.135992 75.055143 195.627485 1.027536 
0.136489 75.058318 195.706113 1.027454 
0.136377 75.062255 195.777419 1.027446 
0.136538 75.060100 195.841982 1.027580 
0.136576 75.050128 195.918724 1.027508 
0.136663 75.058676 195.988134 1.027250 
0.137060 75.054906 196.050614 1.027443 
0.136886 75.046472 196.115847 1.027681 
0.137269 75.055095 196.191136 1.027545 
0.137070 75.051308 196.260358 1.027625 
0.137376 75.051629 196.328144 1.027685 
0.137217 75.051582 196.393468 1.027421 
0.137531 75.053008 196.457773 1.027549 
0.137807 75.051109 196.526512 1.027699 
0.137890 75.046682 196.584623 1.027298 
0.137942 75.042040 196.642502 1.027466 
0.138339 75.042238 196.701817 1.027441 
0.138750 75.041026 196.777240 1.027482 
0.138796 75.042557 196.840789 1.027714 
0.139173 75.041580 196.897711 1.027356 
0.139264 75.039933 196.967684 1.027434 
0.139321 75.036895 197.030063 1.027373 
0.139773 75.037658 197.099438 1.027483 
0.140073 75.036399 197.158296 1.027568 
0.140193 75.035461 197.226611 1.027381 
0.140468 75.037498 197.292964 1.027546 
0.140764 75.043561 197.359148 1.027531 
0.140762 75.040053 197.413372 1.027421 
0.141393 75.043521 197.480126 1.027587 
0.141548 75.039607 197.552153 1.027612 
0.141788 75.044989 197.610700 1.027554 
0.142201 75.042727 197.677905 1.027602 
0.142535 75.049200 197.730082 1.027550 
0.142988 75.042472 197.786011 1.027650 
0.143331 75.043746 197.855971 1.027657 
0.143683 75.051034 197.901902 1.027600 
0.143945 75.049431 197.962770 1.027534 
0.144544 75.049928 198.005965 1.027505 
0.144807 75.047982 198.064282 1.027544 
0.145205 75.047207 198.114719 1.027744 
0.145780 75.042925 198.166803 1.027507 
0.146077 75.037867 198.213412 1.027808 
0.146530 75.040855 198.264330 1.027757 
0.146900 75.040395 198.313033 1.027637 
0.147529 75.036895 198.353002 1.027558 
0.148016 75.033118 198.401974 1.027672 
0.148475 75.030708 198.455348 1.027611 
0.148908 75.028863 198.500463 1.027588 
0.149623 75.036158 198.559340 1.027443 
0.150218 75.027512 198.609983 1.027762 
0.150840 75.036706 198.658969 1.027632 
0.151598 75.031547 198.713202 1.027598 
0.152317 75.031352 198.768100 1.027478 
0.152753 75.037957 198.823062 1.027491 
0.153592 75.033679 198.880412 1.027479 
0.154209 75.024359 198.933407 1.027587 
0.154985 75.035360 198.991285 1.027409 
0.155920 75.032141 199.037836 1.027502 
0.156297 75.024591 199.096628 1.027594 
0.157078 75.027256 199.149001 1.027668 
0.157921 75.027651 199.198145 1.027535 
0.158853 75.033912 199.262548 1.027757 
0.159479 75.028455 199.324459 1.027464 
0.160229 75.033611 199.376655 1.027438 
0.160927 75.031551 199.428615 1.027416 
0.161574 75.035657 199.480475 1.027277 
0.162789 75.039705 199.535957 1.027328 
0.163330 75.028597 199.586024 1.027576 
0.163975 75.029248 199.638290 1.027461 
0.164837 75.022270 199.694192 1.027572 
0.165587 75.026897 199.749128 1.027407 
0.166533 75.021945 199.808423 1.027614 
0.167218 75.033459 199.868336 1.027533 
0.168228 75.026538 199.925205 1.027731 
0.168934 75.016504 199.976347 1.027656 
0.169655 75.013793 200.039984 1.027701 
0.170788 75.012546 200.092764 1.027675 
0.171402 75.008693 200.150686 1.027655 
0.172578 75.000760 200.204985 1.027819 
0.173299 75.004021 200.261353 1.027645 
0.174154 75.004986 200.311656 1.027747 
0.174677 74.996882 200.364656 1.027551 
0.175800 74.998745 200.418881 1.027760 
0.176363 74.999064 200.472301 1.027570 
0.177587 74.995346 200.521817 1.027671 
0.178123 74.996612 200.569363 1.027698 
0.179051 74.989551 200.620342 1.027448 
0.179957 74.984976 200.666827 1.027308 
0.180727 74.983137 200.713149 1.027444 
0.181824 74.979195 200.774454 1.027513 
0.182228 74.987634 200.815531 1.027524 
0.183339 74.981874 200.857799 1.027540 
0.184303 74.982130 200.910526 1.027489 
0.185384 74.976660 200.957799 1.027462 
0.186059 74.973717 200.999590 1.027612 
0.186880 74.973613 201.042931 1.027613 
0.187664 74.976052 201.084146 1.027510 
0.188534 74.972048 201.135829 1.027613 
0.189346 74.978992 201.176768 1.027444 
0.190154 74.973851 201.217376 1.027587 
0.191086 74.968084 201.258928 1.027554 
0.191482 74.978117 201.300033 1.027516 
0.192464 74.970297 201.339762 1.027541 
0.193249 74.978211 201.391347 1.027545 
0.194251 74.977223 201.432492 1.027479 
0.194732 74.971449 201.470482 1.027627 
0.195752 74.969909 201.502575 1.027701 
0.196670 74.975607 201.547592 1.027614 
0.197106 74.966989 201.591854 1.027555 
0.198146 74.966758 201.636688 1.027599 
0.198887 74.968747 201.672103 1.027507 
0.199876 74.958910 201.708654 1.027604 
0.200663 74.962144 201.744786 1.027496 
0.201165 74.976194 201.782112 1.027574 
0.202269 74.973609 201.819822 1.027506 
0.202863 74.966053 201.855437 1.027458 
0.203681 74.973837 201.892628 1.027532 
0.204617 74.962918 201.933007 1.027651 
0.205316 74.966500 201.961306 1.027503 
0.206288 74.970749 201.998927 1.027605 
0.207011 74.967883 202.035627 1.027509 
0.207845 74.972466 202.072317 1.027447 
0.208342 74.972004 202.108953 1.027435 
0.209259 74.966041 202.139177 1.027296 
0.210452 74.969397 202.164216 1.027426 
0.211050 74.973257 202.207462 1.027407 
0.211749 74.971157 202.234920 1.027441 
0.212389 74.970705 202.263839 1.027547 
0.213053 74.975787 202.298464 1.027620 
0.214048 74.975298 202.334299 1.027610 
0.214586 74.977265 202.368313 1.027418 
0.215637 74.981600 202.397209 1.027612 
0.216378 74.980258 202.429986 1.027406 
0.217230 74.973443 202.464196 1.027510 
0.218040 74.981913 202.497976 1.027580 
0.218671 74.976573 202.522014 1.027478 
0.219565 74.979413 202.559045 1.027650 
0.220494 74.979371 202.587607 1.027592 
0.221261 74.981555 202.612272 1.027565 
0.221880 74.976892 202.648721 1.027620 
0.222842 74.981954 202.680079 1.027507 
0.223447 74.982126 202.706450 1.027683 
0.224166 74.982464 202.737206 1.027683 
0.224898 74.985027 202.773632 1.027510 
0.225882 74.986298 202.803142 1.027557 
0.226534 74.990887 202.835951 1.027506 
0.227267 74.995486 202.865723 1.027448 
0.228190 75.001532 202.910224 1.027479 
0.228762 75.003357 202.936838 1.027362 
0.229583 75.003002 202.964642 1.027416 
0.230303 75.006137 202.999587 1.027522 
0.230822 75.010075 203.028287 1.027586 
0.231750 75.021034 203.066335 1.027452 
0.232521 75.011737 203.105969 1.027502 
0.233191 75.016317 203.127836 1.027686 
0.233895 75.022590 203.164079 1.027517 
0.234473 75.024458 203.188586 1.027944 
0.235220 75.032814 203.222470 1.027515 
0.235818 75.036236 203.248557 1.027462 
0.236683 75.035642 203.285650 1.027568 
0.237262 75.035865 203.315734 1.027466 
0.237770 75.045355 203.352915 1.027604 
0.238653 75.044937 203.386098 1.027639 
0.239069 75.049799 203.415233 1.027572 
0.239841 75.045248 203.451563 1.027530 
0.240335 75.053154 203.491053 1.027501 
0.240906 75.059467 203.513115 1.027488 
0.241701 75.057147 203.558339 1.027301 
0.242341 75.060909 203.584320 1.027349 
0.242872 75.064599 203.622982 1.027368 
0.243655 75.065300 203.654745 1.027277 
0.244354 75.065623 203.687739 1.027529 
0.245042 75.072958 203.719872 1.027403 
0.245755 75.072026 203.744657 1.027489 
0.246076 75.076629 203.781612 1.027415 
0.246979 75.078216 203.814734 1.027565 
0.247538 75.077201 203.846121 1.027452 
0.248085 75.079047 203.877301 1.027330 
0.248722 75.084840 203.912543 1.027430 
0.249163 75.087375 203.940022 1.027295 
0.249811 75.091449 203.965847 1.027298 
0.250408 75.091304 204.002884 1.027332 
0.250953 75.091465 204.028485 1.027234 
0.251338 75.091273 204.054977 1.027209 
0.251948 75.087393 204.088497 1.027432 
0.252493 75.087576 204.119431 1.027297 
0.252900 75.095213 204.137208 1.027327 
0.253536 75.093669 204.176346 1.027383 
0.254028 75.088277 204.203250 1.027405 
0.254590 75.099165 204.226330 1.027248 
0.255230 75.091909 204.252130 1.027283 
0.255681 75.090444 204.268923 1.027402 
0.256190 75.088281 204.288679 1.027499 
0.256794 75.091881 204.318209 1.027456 
0.257115 75.083575 204.338171 1.027307 
