0.119467 75.421319 130.569694 1.027550 
0.212950 75.201619 157.462116 1.027566 
0.213251 75.201132 157.534072 1.027542 
0.213583 75.206549 157.589109 1.027536 
0.213667 75.207249 157.660122 1.027808 
0.213977 75.196362 157.716906 1.027659 
0.214302 75.195533 157.785747 1.027697 
0.214413 75.208840 157.840303 1.027591 
0.214602 75.199520 157.918685 1.027732 
0.214832 75.199855 157.973376 1.027639 
0.214986 75.199170 158.034236 1.027433 
0.215050 75.196462 158.098363 1.027706 
0.215250 75.197898 158.156125 1.027882 
0.215401 75.189284 158.217556 1.027676 
0.215525 75.191374 158.278776 1.027606 
0.215507 75.190267 158.338571 1.027653 
0.215843 75.187309 158.397380 1.027582 
0.215477 75.198095 158.455643 1.027565 
0.215483 75.199775 158.522848 1.027791 
0.215775 75.201913 158.574008 1.027509 
0.215660 75.199320 158.633853 1.027588 
0.215663 75.198318 158.690901 1.027505 
0.215710 75.198693 158.747308 1.027513 
0.215836 75.204884 158.809274 1.027457 
0.215704 75.198505 158.864758 1.027698 
0.216035 75.193012 158.920927 1.027604 
0.215763 75.200460 158.972642 1.027561 
0.215637 75.198964 159.028654 1.027557 
0.215720 75.202177 159.087254 1.027641 
0.215706 75.204969 159.135196 1.027580 
0.215816 75.205731 159.186872 1.027760 
0.215602 75.202891 159.236081 1.027606 
0.215484 75.190345 159.286789 1.027617 
0.215498 75.196054 159.329780 1.027861 
0.215463 75.197554 159.392778 1.027556 
0.215227 75.203811 159.434424 1.027668 
0.215146 75.198439 159.484615 1.027776 
0.215193 75.191113 159.531482 1.027586 
0.215398 75.196838 159.586387 1.027633 
0.215369 75.198788 159.648398 1.027699 
0.215099 75.193005 159.688754 1.027572 
0.215017 75.199606 159.739554 1.027436 
0.214728 75.195981 159.782125 1.027386 
0.215071 75.191584 159.835814 1.027616 
0.214626 75.195633 159.884590 1.027541 
0.214801 75.194957 159.936967 1.027618 
0.214134 75.194172 159.973512 1.027736 
0.213907 75.192061 160.036857 1.027487 
0.213657 75.199692 160.078043 1.027881 
0.213416 75.201105 160.125030 1.027766 
0.212848 75.201377 160.174227 1.027691 
0.212849 75.206439 160.228701 1.027622 
0.212143 75.212339 160.276873 1.027573 
0.211999 75.209415 160.329383 1.027613 
0.211734 75.215827 160.385921 1.027563 
0.211457 75.217473 160.431696 1.027643 
0.211136 75.213164 160.477476 1.027608 
0.210659 75.218126 160.529981 1.027681 
0.210397 75.209508 160.586074 1.027693 
0.209978 75.205868 160.641007 1.027410 
0.209204 75.203801 160.687637 1.027718 
0.209195 75.205878 160.738578 1.027612 
0.208646 75.207366 160.786865 1.027500 
0.207998 75.201075 160.829164 1.027718 
0.207698 75.206439 160.886839 1.027804 
0.207052 75.207682 160.940296 1.027674 
0.206584 75.199644 160.987761 1.027545 
0.206063 75.197797 161.032342 1.027773 
0.205393 75.194536 161.088059 1.027642 
0.204953 75.193003 161.131842 1.027512 
0.204164 75.189158 161.177462 1.027623 
0.203391 75.180289 161.227250 1.027753 
0.202941 75.177844 161.276902 1.027535 
0.202278 75.178508 161.325227 1.027634 
0.201428 75.180607 161.372255 1.027522 
0.200432 75.179267 161.425765 1.027685 
0.199912 75.180593 161.476120 1.027565 
0.198772 75.194465 161.525580 1.027772 
0.198166 75.190936 161.569535 1.027484 
0.197311 75.182901 161.620473 1.027713 
0.196534 75.189343 161.666956 1.027412 
0.195798 75.189555 161.708304 1.027503 
0.194972 75.190367 161.761576 1.027504 
0.194068 75.196367 161.798417 1.027704 
0.193263 75.193247 161.838189 1.027561 
0.192408 75.194032 161.890646 1.027816 
0.191405 75.190114 161.936151 1.027525 
0.190596 75.193158 161.974495 1.027654 
0.189617 75.192936 162.011244 1.027560 
0.188800 75.194699 162.043107 1.027583 
0.187738 75.191468 162.092035 1.027562 
0.186481 75.189177 162.135582 1.027668 
0.185512 75.185784 162.175679 1.027639 
0.184551 75.190119 162.213655 1.027555 
0.183512 75.193240 162.257504 1.027672 
0.182397 75.185766 162.287881 1.027504 
0.181295 75.181099 162.323391 1.027711 
0.180207 75.185337 162.356557 1.027758 
0.179111 75.180967 162.405267 1.027785 
0.177993 75.189089 162.450111 1.027776 
0.176765 75.187195 162.481467 1.027798 
0.175783 75.184188 162.512022 1.027694 
0.174502 75.188839 162.550272 1.027698 
0.173221 75.186089 162.590063 1.027744 
0.172540 75.179526 162.622277 1.027767 
0.171155 75.183704 162.661136 1.027688 
0.170024 75.178682 162.691273 1.027832 
0.169152 75.183524 162.729474 1.027441 
0.167970 75.182144 162.759147 1.027690 
0.166906 75.169691 162.798344 1.027536 
0.165945 75.181639 162.830624 1.027778 
0.164730 75.187598 162.875751 1.027591 
0.163520 75.179894 162.910638 1.027491 
0.162707 75.180017 162.937180 1.027504 
0.161385 75.177663 162.980090 1.027567 
0.160482 75.178321 163.011234 1.027388 
0.159382 75.181802 163.049429 1.027462 
0.158164 75.178043 163.077709 1.027596 
0.157197 75.176239 163.109609 1.027547 
0.156198 75.181671 163.155400 1.027638 
0.154986 75.169512 163.186425 1.027768 
0.154261 75.168711 163.215498 1.027587 
0.153147 75.170640 163.249182 1.027646 
0.151969 75.163674 163.278196 1.027685 
0.151122 75.157268 163.315305 1.027503 
0.150172 75.160529 163.350532 1.027652 
0.149063 75.159805 163.380060 1.027589 
0.147847 75.154198 163.410050 1.027597 
0.147118 75.153716 163.435449 1.027356 
0.146005 75.151385 163.465966 1.027431 
0.145208 75.141716 163.498563 1.027605 
0.144379 75.147107 163.535023 1.027652 
0.143477 75.159890 163.553447 1.027586 
0.142684 75.160880 163.586359 1.027611 
0.141549 75.160486 163.618019 1.027587 
0.140904 75.154721 163.644550 1.027436 
0.139806 75.152400 163.673155 1.027475 
0.138772 75.150080 163.698125 1.027677 
0.138225 75.149958 163.731328 1.027480 
0.137355 75.151345 163.757341 1.027292 
0.136425 75.157683 163.791968 1.027408 
0.135601 75.151497 163.820982 1.027396 
0.134868 75.155900 163.849310 1.027399 
0.134012 75.156845 163.882094 1.027456 
0.133279 75.161499 163.906093 1.027581 
0.132243 75.153597 163.934916 1.027439 
0.131769 75.154498 163.958383 1.027634 
0.130814 75.151532 163.999684 1.027611 
0.130009 75.150470 164.021280 1.027413 
0.129211 75.155618 164.048493 1.027743 
0.128683 75.154601 164.067315 1.027540 
0.127618 75.155893 164.102745 1.027423 
0.127007 75.148989 164.126098 1.027630 
0.126351 75.152634 164.153645 1.027447 
0.125258 75.148380 164.176908 1.027476 
0.124512 75.149891 164.208551 1.027502 
0.123953 75.149751 164.233676 1.027480 
0.123413 75.153014 164.263807 1.027420 
0.122623 75.153904 164.288734 1.027628 
0.121647 75.145592 164.311390 1.027622 
0.120890 75.151923 164.344143 1.027778 
0.120223 75.150007 164.367381 1.027530 
0.119536 75.148342 164.393990 1.027586 
0.119034 75.147486 164.411856 1.027594 
0.117963 75.149026 164.441908 1.027773 
0.117271 75.143582 164.471228 1.027594 
0.116790 75.147777 164.489611 1.027692 
0.115923 75.145084 164.517554 1.027543 
0.115409 75.148780 164.537847 1.027376 
0.114995 75.141518 164.554682 1.027478 
0.114086 75.146999 164.580212 1.027528 
0.113254 75.142967 164.601276 1.027677 
0.112989 75.152765 164.628621 1.027563 
0.112657 75.139321 164.641770 1.027486 
0.111956 75.148278 164.660708 1.027355 
0.111300 75.152608 164.690089 1.027703 
0.110819 75.156814 164.705833 1.027464 
0.110253 75.151971 164.725338 1.027514 
0.110053 75.146300 164.752386 1.027676 
0.109481 75.150362 164.778620 1.027594 
0.108874 75.156232 164.799767 1.027458 
0.108506 75.154647 164.823902 1.027534 
0.108150 75.161805 164.837501 1.027387 
0.107913 75.170579 164.861344 1.027495 
0.107503 75.170774 164.878809 1.027551 
0.107081 75.167156 164.907472 1.027406 
0.106689 75.171534 164.925032 1.027422 
0.106770 75.172380 164.946010 1.027446 
0.106153 75.169231 164.967249 1.027492 
0.105940 75.179017 164.998883 1.027439 
0.105818 75.169393 165.022527 1.027483 
0.105294 75.167337 165.054112 1.027597 
0.105481 75.164120 165.070924 1.027531 
0.104939 75.160447 165.096471 1.027664 
0.105166 75.154145 165.131899 1.027434 
0.104679 75.161529 165.155513 1.027434 
0.104629 75.151306 165.182536 1.027519 
0.104755 75.158917 165.214143 1.027373 
0.104254 75.157707 165.241912 1.027355 
0.104075 75.147359 165.262933 1.027651 
