0.069258 74.683796 151.595101 1.027556 
0.108168 74.502125 169.875584 1.027474 
0.108540 74.500062 169.958236 1.027529 
0.108730 74.498956 170.048921 1.027606 
0.108738 74.498486 170.139288 1.027498 
0.109402 74.496469 170.218264 1.027613 
0.109572 74.490378 170.302214 1.027587 
0.109919 74.498498 170.386948 1.027541 
0.109917 74.501551 170.473299 1.027482 
0.110371 74.502158 170.557045 1.027517 
0.110825 74.496861 170.630080 1.027507 
0.111065 74.493363 170.718414 1.027658 
0.111354 74.497211 170.805566 1.027419 
0.112019 74.492304 170.887244 1.027480 
0.112133 74.487096 170.971455 1.027398 
0.112723 74.490050 171.046514 1.027399 
0.112945 74.484543 171.130783 1.027466 
0.113385 74.481172 171.220362 1.027496 
0.113487 74.484775 171.290568 1.027514 
0.113904 74.477273 171.357988 1.027672 
0.114388 74.476029 171.440621 1.027449 
0.114853 74.475251 171.523899 1.027493 
0.115251 74.474399 171.606255 1.027735 
0.115412 74.474988 171.682302 1.027796 
0.116041 74.473685 171.766633 1.027493 
0.116293 74.465665 171.849771 1.027612 
0.116620 74.474358 171.921761 1.027571 
0.116936 74.466089 172.004809 1.027606 
0.117285 74.474653 172.081931 1.027667 
0.117838 74.469123 172.151155 1.027559 
0.118182 74.466583 172.235292 1.027767 
0.118547 74.465976 172.320566 1.027369 
0.118978 74.465084 172.383694 1.027515 
0.119219 74.461465 172.467995 1.027480 
0.119657 74.468698 172.548782 1.027535 
0.119968 74.459953 172.620043 1.027526 
0.120368 74.469120 172.697436 1.027415 
0.120697 74.463790 172.766254 1.027503 
0.120927 74.467144 172.835533 1.027470 
0.121635 74.465290 172.895846 1.027478 
0.121929 74.466709 172.969216 1.027451 
0.122336 74.473497 173.041098 1.027314 
0.122572 74.473530 173.113264 1.027697 
0.123210 74.480996 173.184719 1.027489 
0.123735 74.485035 173.258281 1.027594 
0.124053 74.484084 173.320670 1.027591 
0.124698 74.486214 173.381263 1.027601 
0.124927 74.488856 173.445482 1.027492 
0.125604 74.494108 173.507079 1.027612 
0.125997 74.495262 173.581482 1.027438 
0.126527 74.496059 173.636927 1.027610 
0.127061 74.502784 173.693902 1.027607 
0.127707 74.502124 173.755445 1.027551 
0.128014 74.502842 173.822192 1.027209 
0.128511 74.498584 173.883599 1.027220 
0.129140 74.502313 173.946864 1.027288 
0.129946 74.504350 174.014809 1.027478 
0.130415 74.494321 174.068319 1.027449 
0.130893 74.495819 174.131132 1.027338 
0.131271 74.500984 174.193627 1.027318 
0.131942 74.504034 174.254867 1.027255 
0.132319 74.508136 174.316070 1.027384 
0.133215 74.510378 174.367128 1.027498 
0.133771 74.503874 174.432463 1.027473 
0.133937 74.504448 174.494510 1.027481 
0.134906 74.506146 174.558297 1.027374 
0.135616 74.504525 174.609689 1.027495 
0.136028 74.507381 174.672646 1.027672 
0.136425 74.508982 174.736718 1.027782 
0.137041 74.510503 174.792433 1.027618 
0.137634 74.504130 174.854472 1.027687 
0.138258 74.511222 174.904760 1.027499 
0.139026 74.511714 174.965794 1.027666 
0.139549 74.506660 175.023298 1.027555 
0.140392 74.512441 175.073749 1.027540 
0.140531 74.505860 175.131474 1.027574 
0.141477 74.509649 175.182561 1.027667 
0.142111 74.508982 175.242046 1.027548 
0.143183 74.510038 175.297793 1.027697 
0.143860 74.505382 175.350332 1.027356 
0.144503 74.502559 175.411767 1.027517 
0.145083 74.503492 175.455267 1.027506 
0.145984 74.496649 175.512867 1.027468 
0.146739 74.490581 175.567294 1.027347 
0.147494 74.492760 175.621159 1.027552 
0.148322 74.488522 175.676651 1.027464 
0.149092 74.480584 175.727921 1.027498 
0.149859 74.475836 175.780159 1.027238 
0.150950 74.481738 175.839865 1.027513 
0.151555 74.477039 175.899280 1.027370 
0.152504 74.478899 175.942630 1.027502 
0.153144 74.474940 175.986725 1.027385 
0.154053 74.471766 176.045504 1.027263 
0.154797 74.473352 176.098631 1.027465 
0.155741 74.471874 176.148034 1.027397 
0.156857 74.474257 176.197489 1.027394 
0.157501 74.471649 176.253595 1.027583 
0.158323 74.469612 176.308073 1.027447 
0.158997 74.470917 176.355020 1.027481 
0.159998 74.473026 176.396750 1.027504 
0.160617 74.480680 176.445168 1.027486 
0.161750 74.474923 176.496153 1.027459 
0.162289 74.472893 176.543374 1.027318 
0.162935 74.481434 176.595046 1.027394 
0.163845 74.478156 176.644693 1.027786 
0.165035 74.487137 176.701855 1.027555 
0.165758 74.478284 176.749455 1.027569 
0.166519 74.481137 176.799313 1.027567 
0.167602 74.488033 176.846334 1.027492 
0.168354 74.486864 176.904468 1.027705 
0.169365 74.486790 176.953937 1.027636 
0.169941 74.477984 177.000717 1.027694 
0.170740 74.490270 177.053576 1.027306 
0.171708 74.479917 177.104026 1.027392 
0.172582 74.479990 177.153848 1.027378 
0.173216 74.479624 177.206253 1.027520 
0.173892 74.479779 177.253280 1.027604 
0.174829 74.479412 177.299706 1.027473 
0.175664 74.480226 177.343187 1.027420 
0.176367 74.491468 177.391337 1.027522 
0.177212 74.481664 177.446128 1.027558 
0.178103 74.487698 177.498538 1.027578 
0.178807 74.475676 177.539857 1.027489 
0.179620 74.474502 177.573016 1.027324 
0.180481 74.473247 177.622635 1.027394 
0.181247 74.474583 177.666793 1.027617 
0.182013 74.477465 177.712173 1.027780 
0.182787 74.472331 177.751457 1.027563 
0.183743 74.473014 177.791495 1.027413 
0.184500 74.472928 177.833493 1.027640 
0.185385 74.481052 177.872606 1.027372 
0.186268 74.477294 177.917655 1.027443 
0.186971 74.479465 177.958844 1.027489 
0.187757 74.484605 177.998439 1.027525 
0.188596 74.479773 178.037300 1.027507 
0.189422 74.490689 178.092439 1.027470 
0.189982 74.492022 178.131321 1.027305 
0.190660 74.491848 178.163469 1.027488 
0.191596 74.486522 178.207554 1.027402 
0.192370 74.488519 178.238987 1.027629 
0.192782 74.499197 178.280099 1.027770 
0.193381 74.490035 178.318134 1.027508 
0.194133 74.491316 178.352730 1.027332 
0.194965 74.500406 178.397397 1.027484 
0.195646 74.489496 178.433968 1.027705 
0.196256 74.496021 178.461888 1.027835 
0.197048 74.493494 178.513071 1.027615 
0.197794 74.494313 178.544545 1.027718 
0.198192 74.491891 178.584542 1.027499 
0.198947 74.488595 178.615817 1.027562 
0.199474 74.490571 178.654271 1.027448 
0.200336 74.488308 178.686603 1.027523 
0.200741 74.499778 178.731960 1.027357 
0.201654 74.490008 178.770371 1.027311 
0.202176 74.492542 178.805775 1.027496 
0.202792 74.493427 178.845228 1.027490 
0.203466 74.485700 178.881145 1.027455 
0.204081 74.490451 178.915330 1.027350 
0.204839 74.488022 178.954266 1.027481 
0.205429 74.485835 179.001748 1.027439 
0.205912 74.490665 179.038197 1.027655 
0.206548 74.494405 179.078739 1.027657 
0.207178 74.498350 179.118202 1.027289 
0.207549 74.497791 179.154052 1.027447 
0.208170 74.498082 179.197876 1.027486 
0.208621 74.503854 179.234008 1.027568 
0.209208 74.501262 179.275309 1.027358 
0.209600 74.492963 179.303842 1.027716 
0.210064 74.491252 179.344979 1.027541 
0.210610 74.496134 179.381527 1.027561 
0.211043 74.499813 179.416426 1.027454 
0.211591 74.496858 179.449368 1.027685 
0.211779 74.494688 179.489480 1.027481 
0.212045 74.493089 179.526627 1.027467 
0.212668 74.506143 179.560069 1.027485 
0.213043 74.491116 179.598470 1.027538 
0.213167 74.487341 179.625943 1.027621 
0.213398 74.494403 179.656259 1.027180 
0.213731 74.491657 179.692356 1.027232 
0.214202 74.491983 179.725039 1.027231 
0.214218 74.492100 179.757038 1.027372 
0.214597 74.483906 179.783467 1.027501 
0.214892 74.489259 179.823403 1.027254 
0.215261 74.482731 179.851223 1.027553 
0.215202 74.477267 179.884731 1.027599 
0.215751 74.475253 179.900973 1.027461 
0.215548 74.479440 179.946767 1.027340 
0.215519 74.476207 179.975606 1.027475 
0.215920 74.470386 180.002975 1.027402 
0.215810 74.475724 180.036536 1.027528 
0.216035 74.476982 180.068541 1.027325 
0.215945 74.475614 180.102994 1.027405 
0.216049 74.475651 180.134106 1.027381 
0.216029 74.474565 180.161912 1.027350 
0.215870 74.471960 180.195443 1.027292 
0.215536 74.469690 180.224830 1.027383 
0.215440 74.466095 180.256279 1.027471 
0.215145 74.473154 180.286843 1.027727 
0.215217 74.468640 180.319674 1.027540 
0.215211 74.475100 180.352201 1.027584 
