0.146576 74.957064 172.194271 1.027439 
0.197715 74.953852 202.505948 1.027626 
0.196730 74.940366 202.570333 1.027409 
0.195812 74.936194 202.630259 1.027406 
0.194878 74.941157 202.688848 1.027342 
0.194046 74.939752 202.750162 1.027562 
0.193017 74.943415 202.814386 1.027555 
0.192113 74.936476 202.864564 1.027543 
0.191283 74.931668 202.928978 1.027576 
0.190163 74.938382 202.977582 1.027663 
0.189400 74.941395 203.035175 1.027635 
0.188658 74.937542 203.097638 1.027486 
0.187669 74.936360 203.157408 1.027697 
0.186888 74.936380 203.211470 1.027594 
0.185951 74.939104 203.265174 1.027575 
0.185305 74.938563 203.319812 1.027637 
0.184585 74.939823 203.376112 1.027753 
0.183771 74.938298 203.429034 1.027425 
0.182994 74.940037 203.488979 1.027491 
0.182097 74.941071 203.532813 1.027527 
0.181678 74.946623 203.588976 1.027416 
0.180778 74.952114 203.648244 1.027674 
0.180096 74.949053 203.695244 1.027621 
0.179263 74.941220 203.743635 1.027449 
0.178507 74.948564 203.802323 1.027527 
0.177806 74.947964 203.843688 1.027574 
0.177143 74.941095 203.901478 1.027559 
0.176300 74.950010 203.959447 1.027576 
0.175804 74.946899 204.001567 1.027479 
0.174815 74.948989 204.055699 1.027600 
0.174206 74.940730 204.102263 1.027524 
0.173532 74.949347 204.156103 1.027505 
0.172931 74.954702 204.202604 1.027460 
0.172373 74.959292 204.250170 1.027579 
0.171523 74.955454 204.297950 1.027698 
0.170850 74.950136 204.348676 1.027464 
0.170313 74.956655 204.398477 1.027668 
0.169666 74.958143 204.448542 1.027530 
0.169037 74.944764 204.507574 1.027461 
0.168178 74.943052 204.550408 1.027710 
0.167684 74.944256 204.601746 1.027763 
0.166853 74.943931 204.649411 1.027568 
0.166085 74.944328 204.699123 1.027684 
0.165610 74.942860 204.747718 1.027682 
0.164752 74.942833 204.786932 1.027582 
0.164126 74.944353 204.838236 1.027832 
0.163439 74.942119 204.881973 1.027440 
0.162833 74.938959 204.927113 1.027598 
0.162277 74.945854 204.975829 1.027626 
0.161845 74.941620 205.018619 1.027651 
0.161164 74.948246 205.066218 1.027538 
0.160353 74.949806 205.102127 1.027680 
0.160060 74.942490 205.146008 1.027544 
0.159664 74.945524 205.190644 1.027536 
0.159111 74.950745 205.234411 1.027637 
0.158533 74.947975 205.271005 1.027724 
0.157804 74.943025 205.306059 1.027574 
0.157576 74.951707 205.353777 1.027550 
0.157005 74.952163 205.389094 1.027714 
0.156408 74.951888 205.436901 1.027592 
0.155947 74.952491 205.476763 1.027745 
0.155687 74.952939 205.512186 1.027549 
0.154892 74.950958 205.562296 1.027602 
0.154519 74.953834 205.599055 1.027702 
0.154130 74.954041 205.637267 1.027526 
0.153673 74.947839 205.682887 1.027767 
0.153256 74.951333 205.721258 1.027533 
0.152864 74.950501 205.753445 1.027609 
0.152701 74.955532 205.804161 1.027615 
0.152229 74.954146 205.837297 1.027481 
0.151962 74.960156 205.872987 1.027695 
0.151589 74.956679 205.927208 1.027578 
0.151399 74.955055 205.969580 1.027630 
0.151024 74.957774 206.004383 1.027693 
0.150871 74.955971 206.045714 1.027535 
0.150652 74.964982 206.082512 1.027578 
0.150109 74.956058 206.115317 1.027568 
0.150044 74.960005 206.143629 1.027608 
0.149928 74.960263 206.183095 1.027594 
0.149837 74.955466 206.226483 1.027668 
0.149232 74.955609 206.267913 1.027374 
0.149452 74.964017 206.302158 1.027501 
0.149233 74.966552 206.347148 1.027416 
0.149016 74.964427 206.387619 1.027397 
0.149037 74.965072 206.422083 1.027607 
0.148927 74.976372 206.465573 1.027446 
0.148845 74.964702 206.503893 1.027352 
0.148617 74.965152 206.536202 1.027353 
0.148556 74.965328 206.571715 1.027402 
0.148459 74.976504 206.606758 1.027553 
0.148610 74.969963 206.649323 1.027576 
0.148268 74.978655 206.689186 1.027284 
0.148310 74.974221 206.728398 1.027416 
0.148276 74.979733 206.761966 1.027489 
0.148207 74.978155 206.803909 1.027566 
0.148325 74.976301 206.834836 1.027524 
0.148230 74.976551 206.865415 1.027628 
0.148258 74.990049 206.910477 1.027664 
0.148400 74.994168 206.937624 1.027473 
0.148231 74.991666 206.966386 1.027778 
0.148590 74.992269 207.000098 1.027608 
0.148402 74.995153 207.030622 1.027572 
0.148862 75.000255 207.062347 1.027526 
0.148492 75.003156 207.096984 1.027716 
0.148819 75.003079 207.130727 1.027451 
0.148842 75.003595 207.156935 1.027546 
0.148992 74.997066 207.180492 1.027513 
0.148917 74.996476 207.218267 1.027453 
0.149088 74.999628 207.243341 1.027430 
0.149262 75.001392 207.272397 1.027303 
0.149009 75.006164 207.303566 1.027397 
0.149194 75.008661 207.339062 1.027352 
0.149583 75.005758 207.368001 1.027481 
0.149209 75.013870 207.396254 1.027305 
0.149421 75.010174 207.427465 1.027386 
0.149627 75.019800 207.460996 1.027508 
0.149880 75.015407 207.493344 1.027619 
0.149861 75.019732 207.521555 1.027526 
0.150270 75.022116 207.546568 1.027491 
0.150335 75.019137 207.579263 1.027506 
0.150493 75.017865 207.605304 1.027491 
0.150726 75.021998 207.634123 1.027507 
0.151103 75.030104 207.664624 1.027605 
0.151106 75.026731 207.694099 1.027512 
0.151415 75.030930 207.716692 1.027522 
0.151825 75.029244 207.752550 1.027552 
0.152164 75.030223 207.776143 1.027538 
0.152447 75.030954 207.794576 1.027630 
0.152536 75.033028 207.839128 1.027431 
0.152983 75.027908 207.850987 1.027689 
0.153187 75.029287 207.887362 1.027678 
0.153664 75.024725 207.908806 1.027575 
0.153683 75.019776 207.943922 1.027727 
0.154015 75.018795 207.968205 1.027633 
0.154167 75.016577 207.994322 1.027720 
0.154610 75.018533 208.013751 1.027756 
0.155026 75.006583 208.036085 1.027879 
0.155124 75.005337 208.065100 1.027692 
0.155654 75.008970 208.088748 1.027618 
0.156035 75.004360 208.103615 1.027632 
0.156507 75.002003 208.136089 1.027622 
0.156895 75.000130 208.147982 1.027644 
0.157148 74.995743 208.175181 1.027661 
0.157593 74.995317 208.198569 1.027750 
0.158003 74.991146 208.220407 1.027876 
0.158467 74.989715 208.248302 1.027635 
0.158902 74.993535 208.273802 1.027825 
0.159025 74.986178 208.295849 1.027624 
0.159678 74.990120 208.322162 1.027469 
0.159834 74.993944 208.345392 1.027594 
0.160495 74.993888 208.377209 1.027556 
0.160687 74.990238 208.395969 1.027618 
0.161240 74.986412 208.431303 1.027713 
0.161965 74.992060 208.462651 1.027766 
0.162426 74.991044 208.482087 1.027725 
0.162655 74.986404 208.513689 1.027692 
0.163594 74.989340 208.542350 1.027611 
0.163900 74.990517 208.569784 1.027452 
0.164464 74.988705 208.587289 1.027732 
0.165206 74.988560 208.613043 1.027559 
0.165580 74.986507 208.645850 1.027545 
0.166267 74.984541 208.665131 1.027476 
0.166855 74.983473 208.686413 1.027483 
0.167598 74.986644 208.713361 1.027636 
0.168458 74.986594 208.735939 1.027467 
0.169069 74.988472 208.769444 1.027444 
0.169640 74.989664 208.791356 1.027459 
0.170296 74.987655 208.820024 1.027594 
0.171203 74.984670 208.841012 1.027673 
0.171752 74.984888 208.862564 1.027702 
0.172541 74.982386 208.889937 1.027794 
0.173124 74.981056 208.925291 1.027699 
0.173925 74.994416 208.951102 1.027529 
0.174449 74.990224 208.967511 1.027629 
0.175377 74.988550 208.999947 1.027482 
0.176009 74.988203 209.031201 1.027776 
0.176727 74.985863 209.058053 1.027598 
0.177434 74.981681 209.079318 1.027682 
0.178343 74.978554 209.113835 1.027625 
0.179066 74.981887 209.132987 1.027637 
0.179874 74.997721 209.161624 1.027422 
0.180428 74.991615 209.186460 1.027464 
0.181619 74.989135 209.208564 1.027473 
0.182084 74.998140 209.243605 1.027509 
0.183185 74.989768 209.268134 1.027561 
0.183949 74.987579 209.287217 1.027665 
0.184488 74.993867 209.318221 1.027593 
0.185319 74.996623 209.342788 1.027660 
0.186078 74.999795 209.365308 1.027600 
0.186859 74.995640 209.396399 1.027688 
0.187701 74.995381 209.421188 1.027447 
0.188375 74.989907 209.445930 1.027545 
0.189070 74.992857 209.471278 1.027358 
0.189938 74.993084 209.498731 1.027458 
0.190849 74.986522 209.527638 1.027433 
0.191544 74.989986 209.549876 1.027515 
0.192652 74.984741 209.586179 1.027498 
0.193423 74.977236 209.598166 1.027522 
0.194413 74.981367 209.622884 1.027697 
0.195113 74.988307 209.655018 1.027489 
