0.196024 74.973417 209.680675 1.027591 
0.136637 75.040212 174.999095 1.027625 
0.136869 75.034202 174.814402 1.027749 
0.137595 75.039476 174.639894 1.027580 
0.138095 75.034146 174.447663 1.027659 
0.138487 75.034225 174.268380 1.027563 
0.139195 75.033296 174.095167 1.027488 
0.139637 75.042761 173.916653 1.027535 
0.139945 75.033335 173.743187 1.027532 
0.140365 75.041240 173.561755 1.027682 
0.140850 75.040729 173.392126 1.027440 
0.141252 75.041808 173.209513 1.027680 
0.141636 75.039454 173.037890 1.027666 
0.141767 75.040986 172.863520 1.027453 
0.142177 75.038033 172.706691 1.027656 
0.142644 75.035919 172.530569 1.027540 
0.142748 75.040800 172.353026 1.027528 
0.142984 75.036994 172.183355 1.027640 
0.143290 75.041212 172.011583 1.027474 
0.143469 75.036200 171.846871 1.027537 
0.143592 75.041283 171.672517 1.027655 
0.143830 75.038873 171.518415 1.027675 
0.144206 75.048492 171.348669 1.027530 
0.144288 75.045156 171.191238 1.027544 
0.144401 75.049065 171.020141 1.027500 
0.144432 75.042898 170.866749 1.027496 
0.144520 75.040423 170.701785 1.027714 
0.144685 75.038899 170.541899 1.027640 
0.144703 75.036113 170.389236 1.027428 
0.144556 75.033058 170.225309 1.027586 
0.144666 75.028253 170.073528 1.027585 
0.144805 75.026833 169.921010 1.027262 
0.144617 75.024795 169.758657 1.027560 
0.144631 75.022667 169.613068 1.027389 
0.144725 75.022894 169.465640 1.027374 
0.144746 75.024830 169.318141 1.027420 
0.144725 75.023832 169.169844 1.027340 
0.144532 75.016814 169.015675 1.027449 
0.144358 75.028910 168.870814 1.027458 
0.144284 75.022224 168.722125 1.027390 
0.144266 75.013820 168.577349 1.027242 
0.144160 75.015878 168.430278 1.027458 
0.143970 75.019520 168.284485 1.027349 
0.143702 75.017249 168.136783 1.027422 
0.143594 75.019448 167.990531 1.027720 
0.143378 75.015119 167.852453 1.027544 
0.143304 75.018653 167.709464 1.027653 
0.142985 75.009542 167.566758 1.027510 
0.142667 75.006675 167.420854 1.027348 
0.142362 75.003879 167.285260 1.027643 
0.142124 75.016477 167.145175 1.027531 
0.142009 75.005842 167.007430 1.027564 
0.141633 75.008661 166.869101 1.027419 
0.141180 75.011300 166.728176 1.027376 
0.140830 75.010007 166.585302 1.027452 
0.140555 75.011963 166.449977 1.027353 
0.139942 75.017456 166.316345 1.027666 
0.139732 75.012614 166.183152 1.027486 
0.139289 75.010186 166.048153 1.027641 
0.138900 75.020747 165.909210 1.027655 
0.138284 75.012179 165.773962 1.027431 
0.137891 75.022021 165.643373 1.027639 
0.137213 75.024456 165.503319 1.027476 
0.136726 75.024655 165.378551 1.027496 
0.135988 75.031350 165.250102 1.027579 
0.135430 75.035215 165.124490 1.027432 
0.134846 75.032014 164.991741 1.027690 
0.134306 75.029277 164.866256 1.027664 
0.133803 75.038880 164.738363 1.027615 
0.133144 75.036373 164.616424 1.027762 
0.132372 75.043839 164.494444 1.027745 
0.131666 75.038816 164.369969 1.027458 
0.131170 75.038469 164.246254 1.027573 
0.130574 75.039662 164.117440 1.027644 
0.129929 75.037774 164.001007 1.027640 
0.129076 75.036777 163.875283 1.027624 
0.128557 75.039062 163.756829 1.027492 
0.127886 75.040790 163.635775 1.027594 
0.127291 75.048855 163.516196 1.027587 
0.126594 75.042225 163.392215 1.027455 
0.126069 75.035237 163.274244 1.027451 
0.125334 75.038789 163.157525 1.027579 
0.124530 75.045716 163.046316 1.027509 
0.123819 75.045893 162.925505 1.027636 
0.123020 75.050896 162.810629 1.027342 
0.122312 75.049347 162.701376 1.027490 
0.121281 75.052751 162.587725 1.027514 
0.120541 75.051685 162.470028 1.027240 
0.120044 75.047165 162.352120 1.027500 
0.118976 75.058681 162.250216 1.027642 
0.118359 75.053913 162.131416 1.027701 
0.117317 75.051072 162.016920 1.027248 
0.116640 75.054660 161.908294 1.027212 
0.115976 75.057305 161.798317 1.027305 
0.114986 75.056363 161.682295 1.027539 
0.114322 75.061359 161.569478 1.027391 
0.113589 75.056332 161.477288 1.027561 
0.112533 75.055871 161.353964 1.027667 
0.111824 75.057560 161.249660 1.027475 
0.111122 75.063642 161.146936 1.027544 
0.110239 75.066722 161.042515 1.027420 
0.109136 75.069400 160.933921 1.027375 
0.108381 75.068124 160.838090 1.027369 
0.107514 75.072621 160.727273 1.027260 
0.106777 75.074104 160.632451 1.027467 
0.106000 75.068929 160.528224 1.027546 
0.104857 75.079966 160.436122 1.027445 
0.103960 75.071238 160.333853 1.027312 
0.103067 75.065876 160.234379 1.027428 
0.102381 75.072840 160.148818 1.027314 
0.101299 75.075475 160.042569 1.027262 
0.100460 75.070703 159.936052 1.027505 
0.099785 75.072456 159.849905 1.027444 
0.098641 75.064811 159.750145 1.027489 
0.097889 75.056286 159.650663 1.027366 
0.096918 75.061531 159.565483 1.027703 
0.096225 75.073299 159.461344 1.027566 
0.095056 75.067037 159.373196 1.027391 
0.094276 75.070152 159.270924 1.027422 
0.093474 75.067465 159.181252 1.027566 
0.092445 75.065299 159.088175 1.027412 
0.091472 75.062485 158.992197 1.027467 
0.090687 75.067882 158.902970 1.027464 
0.089923 75.075117 158.796166 1.027389 
0.088801 75.067250 158.707019 1.027345 
0.087907 75.066384 158.610061 1.027533 
0.087236 75.061450 158.516879 1.027410 
0.086436 75.066124 158.428711 1.027563 
0.085396 75.058307 158.337210 1.027429 
0.084768 75.060770 158.245871 1.027576 
0.083905 75.066113 158.155785 1.027777 
0.083068 75.061054 158.061243 1.027588 
0.082149 75.054826 157.979649 1.027502 
0.081688 75.052541 157.889912 1.027681 
0.080742 75.040813 157.804726 1.027563 
0.079991 75.051001 157.709144 1.027561 
0.079149 75.047409 157.618045 1.027700 
0.078433 75.040253 157.527186 1.027766 
0.077631 75.048353 157.448420 1.027534 
0.076836 75.041596 157.351158 1.027431 
0.076081 75.048871 157.264490 1.027406 
0.075481 75.048437 157.170990 1.027553 
0.074791 75.056957 157.082976 1.027455 
0.073849 75.050542 157.001438 1.027481 
0.073102 75.055833 156.913413 1.027329 
0.072316 75.049372 156.824995 1.027604 
0.071680 75.055833 156.734263 1.027562 
0.071180 75.053438 156.652169 1.027751 
0.070470 75.052561 156.563506 1.027624 
0.069801 75.056479 156.486151 1.027471 
0.069327 75.056605 156.400728 1.027386 
0.068922 75.060118 156.310808 1.027508 
0.068315 75.060948 156.240465 1.027365 
0.067503 75.065068 156.153798 1.027554 
0.067125 75.061753 156.081062 1.027562 
0.066647 75.069367 155.999286 1.027664 
0.066331 75.068471 155.917948 1.027481 
0.065697 75.062296 155.840727 1.027685 
0.065369 75.068300 155.754127 1.027713 
0.064990 75.066105 155.680458 1.027679 
0.064644 75.066806 155.608406 1.027599 
0.064389 75.064912 155.532023 1.027697 
0.064092 75.063967 155.446574 1.027506 
0.063702 75.059275 155.370168 1.027674 
0.063334 75.063344 155.302568 1.027635 
0.063119 75.064029 155.224896 1.027746 
0.062982 75.066916 155.156418 1.027747 
0.062424 75.067607 155.084955 1.027577 
0.062443 75.069484 155.004770 1.027496 
0.062405 75.072673 154.930174 1.027745 
0.062108 75.080784 154.872304 1.027752 
0.061746 75.083312 154.794398 1.027749 
0.062018 75.083433 154.724136 1.027789 
0.061756 75.083110 154.656059 1.027856 
0.061606 75.091234 154.587392 1.027788 
0.061755 75.088376 154.524819 1.027747 
0.061583 75.095109 154.447446 1.027676 
0.061399 75.089040 154.374213 1.027794 
0.061470 75.088976 154.311783 1.027571 
0.061420 75.091615 154.246125 1.027654 
0.061687 75.084974 154.186773 1.027556 
0.061491 75.089623 154.114959 1.027328 
0.061421 75.082270 154.051863 1.027350 
0.061533 75.077342 153.986800 1.027413 
0.061482 75.079601 153.926688 1.027499 
0.061918 75.075818 153.855878 1.027417 
0.061832 75.077382 153.791544 1.027395 
0.062051 75.072320 153.730154 1.027490 
0.062183 75.071006 153.656540 1.027441 
0.062529 75.067174 153.596097 1.027632 
0.062694 75.067020 153.532675 1.027614 
0.062917 75.067441 153.468752 1.027465 
0.063181 75.065651 153.406677 1.027598 
0.063279 75.059512 153.344658 1.027374 
0.063844 75.061839 153.277664 1.027904 
0.064185 75.064475 153.219388 1.027544 
0.064517 75.059892 153.155252 1.027548 
0.064869 75.060544 153.098873 1.027548 
0.065034 75.056140 153.032255 1.027681 
0.065739 75.056391 152.976641 1.027672 
