0.172189 75.230602 145.055333 1.027446 
0.182690 75.158270 155.353476 1.027381 
0.183307 75.161937 155.443956 1.027578 
0.183789 75.160669 155.548316 1.027757 
0.184352 75.157290 155.642791 1.027475 
0.185030 75.159075 155.731185 1.027424 
0.185682 75.168544 155.814379 1.027342 
0.186077 75.170140 155.915654 1.027427 
0.186590 75.156998 155.992656 1.027636 
0.186866 75.164974 156.087242 1.027593 
0.187400 75.161118 156.180962 1.027517 
0.187585 75.162380 156.273527 1.027572 
0.188145 75.157391 156.360572 1.027443 
0.188488 75.162845 156.441672 1.027459 
0.188702 75.162381 156.532347 1.027490 
0.189015 75.163065 156.631489 1.027564 
0.189331 75.159450 156.715854 1.027523 
0.189450 75.159376 156.806570 1.027684 
0.189371 75.162111 156.889783 1.027463 
0.189689 75.160839 156.972484 1.027639 
0.189846 75.163194 157.072607 1.027624 
0.189867 75.154998 157.147899 1.027448 
0.189900 75.153566 157.236052 1.027512 
0.189868 75.156463 157.321188 1.027584 
0.189971 75.158639 157.412542 1.027653 
0.190111 75.149584 157.490766 1.027458 
0.190095 75.145314 157.579685 1.027633 
0.189996 75.149295 157.661298 1.027564 
0.190062 75.142497 157.745624 1.027461 
0.190280 75.146079 157.823950 1.027487 
0.189868 75.144789 157.910293 1.027558 
0.189991 75.147986 157.983367 1.027509 
0.189836 75.140259 158.068006 1.027421 
0.189763 75.151870 158.144012 1.027491 
0.189558 75.152218 158.240970 1.027627 
0.189454 75.149844 158.316464 1.027535 
0.189455 75.153929 158.399401 1.027541 
0.189421 75.157659 158.482086 1.027461 
0.189339 75.164128 158.566248 1.027509 
0.189215 75.153608 158.632185 1.027793 
0.189226 75.151788 158.716815 1.027689 
0.188617 75.157962 158.786872 1.027601 
0.188608 75.154814 158.865277 1.027379 
0.188528 75.151377 158.941617 1.027710 
0.188517 75.142016 159.020423 1.027506 
0.187760 75.150257 159.093543 1.027520 
0.187860 75.151263 159.161810 1.027466 
0.187203 75.144964 159.235038 1.027416 
0.186968 75.140775 159.306343 1.027552 
0.186442 75.130042 159.377790 1.027605 
0.186307 75.128747 159.446249 1.027510 
0.185746 75.126218 159.518715 1.027428 
0.185335 75.119991 159.592812 1.027641 
0.184938 75.116215 159.658575 1.027497 
0.184409 75.109529 159.736188 1.027516 
0.183838 75.115864 159.811518 1.027496 
0.183551 75.117064 159.873665 1.027378 
0.183052 75.114148 159.952867 1.027510 
0.182626 75.106334 160.019719 1.027458 
0.181921 75.103645 160.085640 1.027604 
0.181591 75.104282 160.156381 1.027633 
0.181041 75.096599 160.230002 1.027427 
0.180537 75.101173 160.300542 1.027541 
0.180196 75.101741 160.368800 1.027637 
0.179456 75.092729 160.434505 1.027476 
0.178952 75.088384 160.512755 1.027536 
0.178524 75.086409 160.577024 1.027654 
0.177816 75.088566 160.644109 1.027604 
0.176897 75.091944 160.709559 1.027518 
0.176682 75.093242 160.775793 1.027518 
0.176204 75.090191 160.853449 1.027379 
0.175300 75.089846 160.920441 1.027471 
0.174749 75.097413 160.977133 1.027473 
0.173992 75.094296 161.054762 1.027539 
0.173251 75.095503 161.114353 1.027527 
0.172822 75.091820 161.196049 1.027526 
0.171868 75.091362 161.253066 1.027632 
0.171226 75.086216 161.316121 1.027607 
0.170664 75.096037 161.382919 1.027396 
0.169816 75.095841 161.446639 1.027697 
0.169303 75.096034 161.511641 1.027670 
0.168422 75.085476 161.570933 1.027497 
0.167608 75.086859 161.644342 1.027563 
0.166724 75.087277 161.699632 1.027581 
0.166079 75.088688 161.761828 1.027254 
0.165187 75.086765 161.827572 1.027497 
0.164417 75.076505 161.888324 1.027329 
0.163638 75.072064 161.951064 1.027568 
0.162728 75.065396 162.011686 1.027568 
0.161832 75.074878 162.066340 1.027628 
0.160980 75.062916 162.130933 1.027640 
0.160131 75.065242 162.185873 1.027471 
0.159188 75.066971 162.244725 1.027553 
0.158615 75.065895 162.292205 1.027534 
0.157768 75.063140 162.354831 1.027635 
0.156919 75.046670 162.402207 1.027467 
0.156099 75.053061 162.454327 1.027433 
0.155238 75.049459 162.515234 1.027548 
0.154506 75.050186 162.567448 1.027412 
0.153669 75.047507 162.617939 1.027598 
0.152720 75.056771 162.684003 1.027633 
0.152067 75.051078 162.726831 1.027504 
0.151074 75.044576 162.778538 1.027266 
0.150340 75.052907 162.842135 1.027583 
0.149434 75.052151 162.898679 1.027452 
0.148700 75.056546 162.951108 1.027533 
0.148037 75.051085 163.008600 1.027587 
0.147305 75.056195 163.065187 1.027287 
0.146422 75.057690 163.120448 1.027364 
0.145558 75.056036 163.170545 1.027319 
0.144764 75.062259 163.229101 1.027443 
0.144175 75.050977 163.278942 1.027450 
0.143352 75.047911 163.338617 1.027347 
0.142596 75.046344 163.374992 1.027576 
0.141722 75.054607 163.432626 1.027609 
0.140989 75.045192 163.480073 1.027581 
0.140177 75.057362 163.536299 1.027408 
0.139678 75.055874 163.588834 1.027636 
0.138560 75.049122 163.639739 1.027526 
0.137806 75.049120 163.684841 1.027599 
0.137207 75.039866 163.738081 1.027566 
0.136514 75.033481 163.778589 1.027367 
0.135486 75.038616 163.828454 1.027408 
0.134893 75.047709 163.875695 1.027537 
0.134104 75.046104 163.934141 1.027686 
0.133011 75.038337 163.987225 1.027411 
0.132476 75.037927 164.028800 1.027618 
0.131682 75.036736 164.074261 1.027745 
0.130811 75.041652 164.115582 1.027580 
0.129937 75.039371 164.166777 1.027724 
0.129152 75.031822 164.213064 1.027672 
0.128582 75.039151 164.273944 1.027691 
0.127807 75.042341 164.307307 1.027621 
0.126841 75.042863 164.357690 1.027606 
0.126233 75.050414 164.404452 1.027410 
0.125537 75.056604 164.452193 1.027557 
0.124918 75.051518 164.496680 1.027634 
0.123968 75.054910 164.538211 1.027620 
0.123517 75.056032 164.577375 1.027422 
0.122582 75.055873 164.623672 1.027477 
0.121916 75.059956 164.674550 1.027554 
0.121208 75.064763 164.716723 1.027450 
0.120490 75.062141 164.770442 1.027536 
0.119605 75.063758 164.818801 1.027529 
0.118924 75.058417 164.852510 1.027447 
0.118098 75.059840 164.902620 1.027514 
0.117267 75.065094 164.940999 1.027444 
0.116817 75.066507 164.982707 1.027522 
0.116174 75.061526 165.020732 1.027448 
0.115664 75.071685 165.072162 1.027504 
0.114831 75.062579 165.119081 1.027426 
0.114534 75.073801 165.161964 1.027598 
0.113658 75.071519 165.198013 1.027499 
0.113217 75.061195 165.244072 1.027382 
0.112695 75.063050 165.295537 1.027519 
0.112188 75.073183 165.324450 1.027498 
0.111809 75.061201 165.377354 1.027314 
0.111472 75.058475 165.413882 1.027475 
0.110898 75.053796 165.454723 1.027422 
0.110497 75.053770 165.495964 1.027559 
0.109927 75.048818 165.550117 1.027411 
0.109575 75.048397 165.581787 1.027498 
0.109103 75.046884 165.625712 1.027460 
0.108700 75.046266 165.667146 1.027578 
0.108515 75.040952 165.706866 1.027644 
0.107963 75.042461 165.736475 1.027516 
0.107469 75.032794 165.776271 1.027545 
0.107400 75.039053 165.816228 1.027597 
0.106740 75.034893 165.853092 1.027435 
0.106591 75.040308 165.894263 1.027430 
0.106259 75.032316 165.933907 1.027535 
0.105993 75.035956 165.967519 1.027626 
0.105733 75.035102 166.007693 1.027428 
0.105487 75.033643 166.037948 1.027642 
0.105014 75.037767 166.080107 1.027456 
0.104752 75.035403 166.123237 1.027515 
0.104392 75.042144 166.153562 1.027403 
0.104452 75.039454 166.194578 1.027447 
0.104475 75.042151 166.229642 1.027377 
0.104086 75.037030 166.267496 1.027359 
0.103450 75.038381 166.302358 1.027575 
0.103667 75.044825 166.335454 1.027446 
0.103379 75.043063 166.377008 1.027430 
0.103114 75.042602 166.405290 1.027370 
0.102835 75.037198 166.443562 1.027570 
0.102817 75.041654 166.485736 1.027465 
0.102811 75.040957 166.514977 1.027513 
0.102730 75.038649 166.550452 1.027347 
0.102424 75.038358 166.582481 1.027486 
0.102185 75.042060 166.617397 1.027508 
0.102380 75.036310 166.648084 1.027504 
0.102271 75.043447 166.689156 1.027585 
0.102074 75.043917 166.725451 1.027481 
0.102058 75.040002 166.754120 1.027397 
0.101812 75.044020 166.789694 1.027491 
0.102143 75.054531 166.814655 1.027468 
0.101677 75.055382 166.851012 1.027472 
0.101551 75.057867 166.890000 1.027556 
0.101604 75.061498 166.922052 1.027571 
0.102040 75.063945 166.950499 1.027619 
