0.065907 75.057086 152.914968 1.027618 
0.104124 74.765018 161.366611 1.027615 
0.104421 74.763252 161.451596 1.027864 
0.104625 74.763076 161.532744 1.027697 
0.104688 74.768156 161.626278 1.027720 
0.105021 74.768259 161.709881 1.027436 
0.104890 74.772706 161.790043 1.027582 
0.105286 74.763122 161.874709 1.027663 
0.105432 74.766640 161.949291 1.027752 
0.105911 74.764842 162.024849 1.027877 
0.105983 74.756193 162.105519 1.027611 
0.106575 74.762503 162.193752 1.027602 
0.106827 74.767368 162.270379 1.027617 
0.106892 74.765946 162.346574 1.027900 
0.107427 74.763299 162.427664 1.027722 
0.107683 74.761516 162.499547 1.027464 
0.108048 74.759729 162.576807 1.027663 
0.108442 74.760441 162.661307 1.027845 
0.108767 74.753316 162.731844 1.027754 
0.109291 74.750489 162.813847 1.027801 
0.109501 74.749794 162.885477 1.027597 
0.110182 74.744847 162.967392 1.027718 
0.110680 74.747755 163.047711 1.027609 
0.111221 74.755329 163.119885 1.027721 
0.111890 74.753920 163.202544 1.027450 
0.112121 74.750221 163.278950 1.027836 
0.112521 74.754471 163.354298 1.027516 
0.113267 74.752788 163.435195 1.027514 
0.113513 74.757671 163.511298 1.027527 
0.114147 74.750359 163.586925 1.027700 
0.114496 74.753355 163.665294 1.027701 
0.115147 74.747814 163.725158 1.027633 
0.116043 74.747715 163.808878 1.027678 
0.116332 74.747152 163.879046 1.027679 
0.116734 74.752727 163.957360 1.027661 
0.117553 74.749060 164.036596 1.027587 
0.118088 74.750441 164.108843 1.027508 
0.118736 74.759674 164.183080 1.027665 
0.119348 74.750994 164.254663 1.027704 
0.119978 74.752395 164.317893 1.027733 
0.120455 74.749475 164.388046 1.027527 
0.121363 74.755579 164.467153 1.027539 
0.121761 74.755551 164.533388 1.027729 
0.122663 74.761292 164.595061 1.027542 
0.123512 74.744907 164.674448 1.027603 
0.124094 74.747592 164.736096 1.027568 
0.124897 74.753766 164.797630 1.027803 
0.125457 74.754030 164.864842 1.027643 
0.126104 74.756655 164.926805 1.027749 
0.126655 74.760464 164.992359 1.027485 
0.127401 74.763118 165.054617 1.027621 
0.128214 74.760518 165.121794 1.027702 
0.129050 74.758961 165.178064 1.027751 
0.129417 74.753761 165.243014 1.027759 
0.130536 74.751966 165.307602 1.027509 
0.131165 74.752227 165.368981 1.027651 
0.131894 74.763493 165.435073 1.027596 
0.132460 74.761922 165.500446 1.027535 
0.133226 74.757543 165.552428 1.027622 
0.133847 74.749521 165.618515 1.027709 
0.134515 74.757465 165.669838 1.027756 
0.135246 74.764502 165.735124 1.027540 
0.136136 74.763637 165.788274 1.027633 
0.136496 74.757431 165.847203 1.027859 
0.137113 74.754752 165.897322 1.027670 
0.137798 74.757392 165.959673 1.027747 
0.138694 74.760241 166.013959 1.027655 
0.139474 74.768004 166.074049 1.027783 
0.140083 74.769112 166.124580 1.027749 
0.140846 74.763632 166.183279 1.027674 
0.141433 74.760412 166.237199 1.027670 
0.142163 74.767511 166.295603 1.027636 
0.142892 74.770963 166.358988 1.027713 
0.143690 74.764459 166.399865 1.027778 
0.144237 74.767084 166.458015 1.027657 
0.145350 74.766771 166.505159 1.027755 
0.145671 74.767282 166.560721 1.027606 
0.146411 74.765301 166.612339 1.027712 
0.147223 74.772076 166.662526 1.027648 
0.147946 74.761797 166.708648 1.027496 
0.148925 74.773332 166.756493 1.027846 
0.149460 74.770171 166.795981 1.027712 
0.150371 74.766921 166.839269 1.027730 
0.151003 74.771618 166.886595 1.027769 
0.151819 74.768875 166.936275 1.027751 
0.152746 74.765745 166.972742 1.027876 
0.153337 74.768501 167.022096 1.027852 
0.154209 74.769506 167.071371 1.027703 
0.154997 74.766904 167.116472 1.027618 
0.155625 74.770211 167.163261 1.027736 
0.156414 74.770827 167.208727 1.027652 
0.156999 74.759754 167.259594 1.027740 
0.158021 74.774117 167.300983 1.027774 
0.158779 74.769046 167.351486 1.027763 
0.159516 74.763215 167.394301 1.027653 
0.160483 74.758739 167.440313 1.027707 
0.160998 74.766617 167.488767 1.027662 
0.162348 74.759419 167.535015 1.027726 
0.163121 74.763800 167.579882 1.027620 
0.163642 74.757768 167.623249 1.027560 
0.164795 74.755674 167.669113 1.027525 
0.165706 74.752379 167.721211 1.027595 
0.166557 74.748814 167.769789 1.027522 
0.167329 74.747106 167.802954 1.027485 
0.168319 74.756289 167.862387 1.027593 
0.169130 74.750731 167.899239 1.027722 
0.170072 74.744569 167.943128 1.027852 
0.170801 74.748248 167.994336 1.027745 
0.171916 74.748769 168.046813 1.027756 
0.172774 74.749673 168.088016 1.027724 
0.173225 74.746836 168.138034 1.027605 
0.174204 74.739804 168.180649 1.027672 
0.175079 74.741304 168.239616 1.027701 
0.176164 74.735830 168.270922 1.027465 
0.176892 74.741787 168.319312 1.027606 
0.177673 74.740012 168.368921 1.027564 
0.178542 74.740159 168.422052 1.027681 
0.179210 74.734651 168.459919 1.027605 
0.180065 74.741524 168.512493 1.027539 
0.180837 74.742441 168.562107 1.027707 
0.181796 74.727186 168.604228 1.027625 
0.182875 74.727414 168.645393 1.027477 
0.183468 74.721340 168.693784 1.027505 
0.184216 74.722679 168.732037 1.027581 
0.185277 74.714381 168.777824 1.027816 
0.185672 74.723755 168.821255 1.027608 
0.186681 74.726202 168.863491 1.027810 
0.187226 74.719612 168.901840 1.027665 
0.187965 74.726969 168.944627 1.027683 
0.188606 74.722175 168.977454 1.027775 
0.189304 74.723381 169.021031 1.027702 
0.189905 74.719188 169.063790 1.027807 
0.190619 74.718851 169.099895 1.027701 
0.191239 74.716797 169.147922 1.027796 
0.191741 74.712605 169.176783 1.027722 
0.192478 74.713708 169.212355 1.027699 
0.193161 74.715361 169.253112 1.027577 
0.193567 74.723625 169.286730 1.027701 
0.194277 74.727223 169.320235 1.027711 
0.194971 74.723951 169.356397 1.027611 
0.195570 74.721091 169.396860 1.027681 
0.195911 74.723489 169.430571 1.027662 
0.196764 74.726713 169.461777 1.027612 
0.197022 74.723863 169.504620 1.027541 
0.197839 74.719224 169.528632 1.027656 
0.198327 74.728262 169.574807 1.027549 
0.198833 74.715726 169.600658 1.027580 
0.199392 74.723951 169.639765 1.027549 
0.199935 74.728023 169.670817 1.027560 
0.200343 74.725511 169.703548 1.027738 
0.200696 74.719325 169.734837 1.027845 
0.201196 74.725363 169.764000 1.027510 
0.201809 74.722588 169.794972 1.027595 
0.202202 74.727100 169.827764 1.027698 
0.202876 74.726510 169.853889 1.027536 
0.203357 74.723387 169.885904 1.027786 
0.203655 74.717723 169.917671 1.027672 
0.204161 74.728152 169.946322 1.027566 
0.204607 74.719007 169.981445 1.027711 
0.204823 74.721546 170.011728 1.027640 
0.204991 74.732211 170.040645 1.027767 
0.205438 74.721748 170.073965 1.027638 
0.205899 74.724460 170.104998 1.027708 
0.206049 74.732884 170.132596 1.027729 
0.206184 74.731121 170.170756 1.027651 
0.206504 74.737458 170.199690 1.027388 
0.206740 74.747875 170.223983 1.027633 
0.206760 74.730171 170.262131 1.027713 
0.206862 74.736011 170.281777 1.027529 
0.207345 74.738676 170.317045 1.027558 
0.207219 74.735085 170.346208 1.027438 
0.207244 74.735989 170.375791 1.027619 
0.207572 74.741940 170.411324 1.027587 
0.207576 74.747689 170.437376 1.027608 
0.207758 74.753761 170.471543 1.027655 
0.207965 74.732542 170.497338 1.027515 
0.208040 74.744754 170.515896 1.027613 
0.208028 74.737925 170.546370 1.027637 
0.208001 74.740522 170.571669 1.027771 
0.208194 74.739661 170.599045 1.027749 
0.208193 74.746339 170.619496 1.027692 
0.208700 74.746021 170.646425 1.027434 
0.208694 74.756085 170.669464 1.027527 
0.208641 74.749387 170.695479 1.027577 
0.208594 74.755121 170.713814 1.027374 
0.208626 74.759519 170.741704 1.027692 
0.208509 74.758481 170.759370 1.027562 
0.208380 74.765891 170.788783 1.027466 
0.208316 74.763523 170.808245 1.027465 
0.207977 74.760227 170.838357 1.027500 
0.207820 74.764426 170.863610 1.027491 
0.207910 74.771679 170.885480 1.027429 
0.207640 74.771926 170.908532 1.027609 
0.207539 74.767941 170.936662 1.027543 
0.207314 74.772244 170.959329 1.027660 
0.207415 74.777705 170.984867 1.027657 
0.207247 74.769856 171.009097 1.027486 
0.207233 74.764100 171.031160 1.027714 
0.207050 74.766544 171.052613 1.027511 
0.206933 74.759953 171.074558 1.027421 
