0.127244 75.126496 149.536261 1.027414 
0.173445 75.102652 168.610198 1.027457 
0.172547 75.099083 168.640127 1.027423 
0.171747 75.100616 168.669833 1.027605 
0.170903 75.107180 168.688198 1.027445 
0.170104 75.106552 168.725050 1.027556 
0.168947 75.104959 168.765751 1.027690 
0.168262 75.096567 168.795818 1.027554 
0.167273 75.104005 168.824201 1.027471 
0.166572 75.101486 168.845555 1.027563 
0.165499 75.090252 168.876001 1.027433 
0.164754 75.091827 168.911608 1.027567 
0.164043 75.088875 168.937809 1.027447 
0.163012 75.093702 168.967974 1.027517 
0.162170 75.088268 168.993207 1.027436 
0.161136 75.089087 169.030669 1.027560 
0.160254 75.085156 169.054808 1.027430 
0.159559 75.089901 169.075397 1.027696 
0.158636 75.088157 169.105456 1.027533 
0.157567 75.087709 169.144207 1.027467 
0.156669 75.082488 169.157559 1.027755 
0.155793 75.084111 169.192226 1.027705 
0.154732 75.084334 169.219521 1.027565 
0.153936 75.084816 169.236777 1.027512 
0.153158 75.083253 169.256883 1.027509 
0.151872 75.069985 169.283247 1.027542 
0.151118 75.072168 169.306333 1.027547 
0.150290 75.065051 169.329396 1.027510 
0.149055 75.073405 169.360985 1.027616 
0.148192 75.072505 169.385724 1.027612 
0.147509 75.070592 169.404150 1.027642 
0.146556 75.065365 169.432048 1.027449 
0.145577 75.074528 169.456906 1.027557 
0.144774 75.063617 169.479711 1.027638 
0.143912 75.056780 169.499221 1.027637 
0.142947 75.052053 169.522455 1.027637 
0.142471 75.055206 169.561437 1.027556 
0.141084 75.050038 169.565339 1.027494 
0.140386 75.050918 169.593538 1.027625 
0.139560 75.048341 169.618844 1.027477 
0.138803 75.041187 169.628866 1.027500 
0.137739 75.046753 169.657427 1.027623 
0.136837 75.043541 169.684126 1.027404 
0.136162 75.046899 169.700415 1.027569 
0.135077 75.045173 169.719845 1.027358 
0.134299 75.045227 169.740983 1.027472 
0.133415 75.040415 169.761764 1.027547 
0.132210 75.043744 169.785144 1.027459 
0.131585 75.043114 169.799541 1.027611 
0.130657 75.040759 169.823913 1.027577 
0.129545 75.035032 169.846959 1.027394 
0.128858 75.027985 169.860237 1.027475 
0.128022 75.030204 169.878797 1.027568 
0.127154 75.027161 169.905126 1.027610 
0.126113 75.029757 169.927182 1.027663 
0.125389 75.036650 169.950822 1.027704 
0.124631 75.035303 169.961606 1.027816 
0.123666 75.036275 169.985813 1.027884 
0.122910 75.031414 170.004002 1.027614 
0.122251 75.041576 170.034410 1.027601 
0.121474 75.046691 170.055765 1.027809 
0.120593 75.036112 170.071525 1.027756 
0.120001 75.034498 170.092349 1.027496 
0.118991 75.037536 170.103828 1.027529 
0.118489 75.040198 170.126245 1.027576 
0.117757 75.036335 170.140569 1.027689 
0.116773 75.043455 170.161421 1.027734 
0.116257 75.036067 170.183065 1.027547 
0.115417 75.036381 170.203138 1.027503 
0.114979 75.030471 170.216359 1.027406 
0.114163 75.030902 170.232960 1.027558 
0.113681 75.024756 170.248223 1.027653 
0.112995 75.036027 170.270773 1.027655 
0.112015 75.024900 170.280441 1.027575 
0.111402 75.019694 170.304680 1.027588 
0.110909 75.023430 170.319041 1.027676 
0.110229 75.018934 170.331034 1.027658 
0.109639 75.014500 170.352968 1.027577 
0.108994 75.024528 170.357835 1.027555 
0.108411 75.023606 170.381141 1.027476 
0.107710 75.020318 170.386522 1.027510 
0.107152 75.014556 170.406923 1.027641 
0.106447 75.013626 170.422873 1.027535 
0.105780 75.014032 170.441227 1.027603 
0.105236 75.006319 170.458188 1.027484 
0.104523 75.017621 170.470566 1.027528 
0.103667 75.013263 170.490982 1.027549 
0.103502 75.002488 170.508432 1.027478 
0.102832 75.009913 170.521090 1.027473 
0.102161 75.008841 170.537065 1.027591 
0.101677 74.998081 170.549808 1.027518 
0.101315 75.015052 170.572807 1.027488 
0.100978 75.006161 170.588350 1.027501 
0.100431 75.001520 170.603935 1.027499 
0.099941 75.012564 170.627472 1.027679 
0.099652 75.007941 170.645971 1.027649 
0.099399 75.009417 170.670156 1.027506 
0.099084 75.012801 170.687808 1.027393 
0.098503 75.007613 170.709227 1.027516 
0.098453 75.013818 170.731191 1.027497 
0.097929 75.008506 170.759811 1.027596 
0.097860 75.015701 170.779788 1.027538 
0.097523 75.009006 170.807245 1.027675 
0.097386 75.010940 170.824056 1.027526 
0.097150 75.006811 170.835076 1.027748 
0.097028 75.011931 170.857160 1.027505 
0.096868 75.015320 170.879216 1.027596 
0.096645 75.019931 170.893345 1.027594 
0.096771 75.017474 170.908462 1.027420 
0.096649 75.011701 170.926850 1.027549 
0.096407 75.018060 170.942711 1.027595 
0.096581 75.021488 170.958746 1.027501 
0.096522 75.031119 170.976569 1.027515 
0.096763 75.023728 170.991079 1.027590 
0.096366 75.020794 171.010107 1.027505 
0.096875 75.020573 171.013947 1.027572 
0.096822 75.019862 171.034208 1.027515 
0.096939 75.024192 171.047322 1.027502 
0.097183 75.028268 171.056561 1.027674 
0.097513 75.028024 171.078493 1.027666 
0.097749 75.023318 171.102099 1.027544 
0.097825 75.026603 171.114416 1.027554 
0.098015 75.020710 171.119170 1.027476 
0.098474 75.017083 171.139570 1.027492 
0.098798 75.023115 171.145019 1.027644 
0.099290 75.018748 171.178715 1.027354 
0.099404 75.018960 171.196547 1.027536 
0.099912 75.026979 171.206420 1.027442 
0.100307 75.013953 171.228690 1.027436 
0.100638 75.006738 171.228425 1.027511 
0.100983 75.013167 171.244008 1.027679 
0.101445 75.010096 171.264019 1.027612 
0.101665 75.006024 171.277162 1.027435 
0.102328 75.011072 171.284174 1.027579 
0.102559 74.996476 171.299191 1.027461 
0.102935 74.999307 171.306840 1.027424 
0.103526 74.998726 171.327587 1.027379 
0.103800 74.997090 171.334412 1.027359 
0.104402 74.998595 171.364075 1.027206 
0.104907 75.004787 171.370834 1.027487 
0.105524 74.999934 171.390966 1.027431 
0.105926 75.000890 171.402845 1.027467 
0.106612 75.004655 171.413296 1.027340 
0.107401 75.001822 171.427579 1.027521 
0.107841 75.013214 171.440766 1.027451 
0.108193 75.009203 171.451269 1.027426 
0.109018 75.006140 171.475788 1.027384 
0.109437 75.007754 171.482417 1.027438 
0.110240 75.008651 171.488436 1.027411 
0.110807 75.018522 171.515135 1.027324 
0.111572 75.016588 171.528467 1.027608 
0.112154 75.011167 171.539751 1.027455 
0.112566 75.018268 171.553823 1.027627 
0.113341 75.013963 171.569085 1.027387 
0.113830 75.007460 171.586357 1.027672 
0.114455 75.016558 171.602078 1.027702 
0.115086 75.014274 171.614608 1.027370 
0.115866 75.016570 171.628543 1.027688 
0.116690 75.014680 171.642375 1.027774 
0.117156 75.020594 171.660574 1.027621 
0.117826 75.009736 171.677997 1.027448 
0.118610 75.018878 171.686530 1.027435 
0.119240 75.016616 171.710980 1.027713 
0.119793 75.016812 171.716144 1.027680 
0.120534 75.019756 171.741004 1.027531 
0.121371 75.022949 171.752458 1.027818 
0.121882 75.015042 171.773481 1.027475 
0.122830 75.015730 171.788294 1.027516 
0.123347 75.014585 171.802432 1.027504 
0.124062 75.011326 171.825804 1.027692 
0.124754 75.017055 171.841107 1.027579 
0.125593 75.013548 171.858023 1.027516 
0.126262 75.013410 171.871519 1.027696 
0.126876 75.011767 171.881225 1.027556 
0.127842 75.016990 171.895406 1.027567 
0.128639 75.011864 171.903778 1.027350 
0.129373 75.009349 171.922848 1.027460 
0.129940 75.004326 171.928489 1.027647 
0.130970 75.005778 171.932565 1.027798 
0.131704 75.009927 171.954119 1.027701 
0.132469 75.008325 171.960095 1.027584 
0.132924 75.010132 171.967179 1.027598 
0.133874 75.005967 171.981611 1.027679 
0.134622 75.006373 171.994217 1.027545 
0.135221 74.999533 172.004514 1.027549 
0.136026 74.998674 172.008758 1.027416 
0.136511 74.999365 172.022911 1.027529 
0.137284 74.997807 172.026286 1.027587 
0.137721 74.990765 172.038813 1.027448 
0.138531 74.990052 172.048307 1.027454 
0.139390 74.989492 172.057081 1.027443 
0.140178 74.984226 172.069987 1.027607 
0.140750 74.977569 172.083777 1.027372 
0.141285 74.978544 172.093835 1.027649 
0.142267 74.978359 172.116030 1.027499 
0.142882 74.972113 172.121984 1.027531 
0.143516 74.971783 172.130397 1.027432 
0.144301 74.969548 172.146584 1.027599 
0.145159 74.959512 172.156567 1.027459 
0.145729 74.960719 172.182965 1.027597 
