0.122892 74.243604 158.790548 1.027391 
0.238786 74.142200 194.029783 1.027688 
0.239507 74.132118 194.087586 1.027508 
0.239764 74.143534 194.150108 1.027473 
0.239903 74.136333 194.206051 1.027542 
0.240394 74.134557 194.265967 1.027562 
0.240376 74.138113 194.326198 1.027497 
0.240661 74.143082 194.389393 1.027749 
0.240962 74.138955 194.445551 1.027617 
0.241214 74.143165 194.498364 1.027620 
0.241424 74.135156 194.561224 1.027538 
0.241431 74.136568 194.620878 1.027520 
0.241288 74.131120 194.676812 1.027503 
0.241641 74.139217 194.733520 1.027327 
0.241765 74.128335 194.790739 1.027504 
0.241887 74.136802 194.852040 1.027458 
0.241698 74.142473 194.907626 1.027505 
0.241892 74.138990 194.972351 1.027368 
0.242036 74.144066 195.026362 1.027580 
0.242093 74.136321 195.076695 1.027712 
0.241906 74.139338 195.132096 1.027653 
0.241895 74.139731 195.183144 1.027575 
0.241991 74.145673 195.241524 1.027484 
0.241812 74.144862 195.295168 1.027612 
0.241758 74.143892 195.348092 1.027595 
0.241676 74.155076 195.391796 1.027554 
0.241490 74.150387 195.452284 1.027395 
0.241123 74.145069 195.487812 1.027569 
0.241055 74.143630 195.542970 1.027703 
0.240786 74.142883 195.587872 1.027621 
0.240831 74.150167 195.647497 1.027575 
0.240557 74.139308 195.684885 1.027542 
0.240102 74.139588 195.735468 1.027612 
0.240120 74.147596 195.784657 1.027428 
0.239917 74.145538 195.834704 1.027483 
0.239384 74.142716 195.881374 1.027710 
0.239223 74.147118 195.938021 1.027577 
0.238636 74.143144 195.981186 1.027459 
0.238779 74.146320 196.035066 1.027536 
0.238075 74.140966 196.079528 1.027888 
0.237812 74.151241 196.120232 1.027833 
0.237679 74.145006 196.178209 1.027428 
0.237109 74.151222 196.231443 1.027653 
0.236995 74.147279 196.268210 1.027572 
0.236644 74.146432 196.312122 1.027667 
0.236213 74.148520 196.350775 1.027632 
0.235752 74.143106 196.398268 1.027750 
0.235317 74.152522 196.439906 1.027798 
0.234785 74.147862 196.475942 1.027562 
0.234348 74.141800 196.521067 1.027664 
0.234084 74.141178 196.557534 1.027486 
0.233238 74.140217 196.597946 1.027596 
0.232978 74.139904 196.647161 1.027540 
0.232354 74.134589 196.686405 1.027530 
0.231882 74.135752 196.726479 1.027592 
0.231465 74.135500 196.764749 1.027500 
0.230796 74.136583 196.809158 1.027738 
0.230385 74.135639 196.851118 1.027488 
0.229614 74.136526 196.885664 1.027571 
0.228795 74.130994 196.941318 1.027532 
0.228139 74.143977 196.985873 1.027612 
0.227599 74.139061 197.029001 1.027584 
0.226870 74.133382 197.081139 1.027673 
0.226040 74.128620 197.128246 1.027752 
0.225244 74.133801 197.177536 1.027684 
0.224669 74.129274 197.224036 1.027786 
0.223606 74.132920 197.283169 1.027554 
0.222826 74.127772 197.331064 1.027625 
0.222157 74.117314 197.382412 1.027546 
0.221315 74.128298 197.434410 1.027640 
0.220274 74.117001 197.482700 1.027573 
0.219481 74.120096 197.525602 1.027435 
0.218635 74.122343 197.575345 1.027484 
0.217849 74.122487 197.623661 1.027407 
0.216882 74.122886 197.669110 1.027523 
0.216085 74.127323 197.721062 1.027495 
0.215325 74.118639 197.765360 1.027457 
0.214334 74.120282 197.817954 1.027590 
0.213650 74.116166 197.870569 1.027486 
0.212663 74.117624 197.919166 1.027390 
0.211887 74.117211 197.959009 1.027551 
0.211032 74.109125 197.987513 1.027541 
0.210024 74.112079 198.030031 1.027525 
0.209534 74.109756 198.078437 1.027350 
0.208606 74.109273 198.113009 1.027783 
0.207939 74.100965 198.147022 1.027719 
0.206806 74.105002 198.186956 1.027669 
0.206326 74.104817 198.223940 1.027736 
0.205245 74.106475 198.260209 1.027646 
0.204605 74.095272 198.300092 1.027632 
0.203591 74.095366 198.338403 1.027759 
0.202703 74.098412 198.368373 1.027550 
0.201859 74.096006 198.405228 1.027622 
0.200838 74.094925 198.437725 1.027505 
0.200018 74.094694 198.469040 1.027624 
0.199179 74.094093 198.515146 1.027685 
0.198437 74.095256 198.544614 1.027347 
0.197498 74.097933 198.576604 1.027455 
0.196567 74.092638 198.612392 1.027343 
0.195697 74.090311 198.646467 1.027340 
0.194663 74.091421 198.684646 1.027328 
0.193787 74.090785 198.715660 1.027354 
0.193075 74.090761 198.744529 1.027551 
0.191786 74.091855 198.774726 1.027527 
0.190867 74.096040 198.815912 1.027461 
0.190058 74.098204 198.841607 1.027553 
0.189070 74.096419 198.869202 1.027761 
0.187976 74.103125 198.911141 1.027692 
0.187011 74.095471 198.937441 1.027557 
0.186069 74.091021 198.966363 1.027503 
0.184950 74.094263 198.990537 1.027463 
0.184063 74.093635 199.021712 1.027736 
0.183271 74.094223 199.064173 1.027631 
0.182467 74.084432 199.091229 1.027513 
0.181452 74.084381 199.128251 1.027440 
0.180415 74.087110 199.163910 1.027652 
0.179379 74.090374 199.189525 1.027563 
0.178344 74.086745 199.230404 1.027680 
0.177481 74.086418 199.264023 1.027527 
0.176601 74.087212 199.293108 1.027561 
0.175391 74.083792 199.321456 1.027531 
0.174712 74.084200 199.355492 1.027355 
0.173473 74.085410 199.380439 1.027690 
0.172272 74.082571 199.410068 1.027468 
0.171503 74.084289 199.429979 1.027632 
0.170585 74.083414 199.463819 1.027468 
0.169568 74.086792 199.503998 1.027596 
0.168460 74.084749 199.515850 1.027314 
0.167402 74.084232 199.544020 1.027570 
0.166497 74.089632 199.569327 1.027501 
0.165466 74.094863 199.595027 1.027333 
0.164212 74.089963 199.619103 1.027386 
0.163562 74.091305 199.645085 1.027496 
0.162418 74.092266 199.666902 1.027447 
0.161112 74.090162 199.687971 1.027682 
0.160199 74.085493 199.702414 1.027573 
0.159019 74.090217 199.722191 1.027498 
0.158151 74.087083 199.742027 1.027786 
0.157114 74.088494 199.765038 1.027596 
0.155992 74.087974 199.797920 1.027597 
0.155130 74.084804 199.811551 1.027580 
0.154065 74.091948 199.833912 1.027579 
0.153218 74.089554 199.852339 1.027504 
0.152539 74.092400 199.880226 1.027678 
0.151410 74.086125 199.906603 1.027542 
0.150573 74.086105 199.923760 1.027424 
0.149980 74.080775 199.943671 1.027295 
0.148869 74.073536 199.957957 1.027455 
0.148165 74.077594 199.988976 1.027266 
0.147527 74.074260 200.017040 1.027286 
0.146585 74.066920 200.046957 1.027419 
0.145848 74.070780 200.066786 1.027718 
0.145044 74.068855 200.088910 1.027529 
0.144145 74.068499 200.110864 1.027511 
0.143608 74.066488 200.130750 1.027596 
0.142711 74.058874 200.156731 1.027523 
0.142065 74.069817 200.180281 1.027390 
0.141361 74.065576 200.209316 1.027421 
0.140580 74.066890 200.226976 1.027480 
0.139766 74.057404 200.245163 1.027311 
0.139062 74.048110 200.270456 1.027541 
0.138701 74.054535 200.285347 1.027449 
0.137711 74.051099 200.303739 1.027495 
0.137092 74.056095 200.314437 1.027559 
0.136380 74.046187 200.339618 1.027463 
0.135671 74.041110 200.353004 1.027670 
0.134859 74.040424 200.363945 1.027712 
0.134421 74.043745 200.381332 1.027485 
0.133572 74.044426 200.399250 1.027588 
0.132955 74.034265 200.416352 1.027596 
0.132443 74.031554 200.429798 1.027444 
0.131757 74.041330 200.451446 1.027603 
0.131486 74.045158 200.467837 1.027639 
0.130848 74.042213 200.488112 1.027478 
0.130072 74.036634 200.506482 1.027453 
0.129351 74.035346 200.527175 1.027417 
0.128981 74.035325 200.558070 1.027618 
0.128606 74.028853 200.579544 1.027511 
0.127864 74.033722 200.603548 1.027593 
0.127567 74.032462 200.621377 1.027368 
0.127109 74.032403 200.642647 1.027569 
0.126572 74.032707 200.683185 1.027632 
0.125992 74.037180 200.696731 1.027567 
0.125501 74.032933 200.714993 1.027630 
0.125426 74.037518 200.736987 1.027503 
0.124769 74.049195 200.767691 1.027438 
0.124365 74.039358 200.787585 1.027568 
0.124474 74.040094 200.810636 1.027626 
0.123892 74.043670 200.831391 1.027554 
0.123765 74.041378 200.852333 1.027408 
0.123369 74.038025 200.875270 1.027478 
0.123266 74.040272 200.896989 1.027682 
0.122994 74.052484 200.920242 1.027573 
0.122845 74.055943 200.941277 1.027673 
0.122648 74.044346 200.968316 1.027678 
0.122423 74.054737 200.987464 1.027476 
0.122343 74.053382 201.005561 1.027512 
0.122102 74.051760 201.032777 1.027509 
0.122016 74.047855 201.059603 1.027534 
0.121881 74.047541 201.075572 1.027631 
