0.249036 75.133425 205.724538 1.027422 
0.075061 75.169004 165.335301 1.027484 
0.074087 75.166371 165.179308 1.027564 
0.073386 75.171547 165.013322 1.027659 
0.072702 75.164876 164.856145 1.027623 
0.071834 75.172156 164.682104 1.027474 
0.071171 75.175431 164.527190 1.027449 
0.070172 75.180181 164.363393 1.027524 
0.069509 75.179954 164.208576 1.027662 
0.068890 75.176436 164.054650 1.027520 
0.067996 75.179737 163.896503 1.027495 
0.067107 75.187669 163.741003 1.027599 
0.066560 75.193251 163.591049 1.027498 
0.065690 75.197054 163.440748 1.027575 
0.065064 75.185023 163.284674 1.027731 
0.064206 75.187332 163.137998 1.027605 
0.063901 75.191056 162.982331 1.027584 
0.062990 75.197718 162.839178 1.027839 
0.062540 75.202294 162.686683 1.027838 
0.061907 75.204170 162.546157 1.027499 
0.061387 75.200075 162.401812 1.027671 
0.060753 75.203250 162.250245 1.027637 
0.060111 75.206959 162.110960 1.027535 
0.059927 75.207270 161.965015 1.027509 
0.059196 75.211559 161.820383 1.027572 
0.059113 75.212155 161.679052 1.027521 
0.058446 75.215442 161.533302 1.027602 
0.058045 75.214947 161.385918 1.027502 
0.057716 75.217695 161.247061 1.027655 
0.057416 75.223757 161.105719 1.027800 
0.056999 75.227914 160.962676 1.027500 
0.056746 75.224347 160.821189 1.027603 
0.056488 75.228654 160.678722 1.027709 
0.056333 75.226221 160.543251 1.027715 
0.055863 75.233796 160.400968 1.027695 
0.055710 75.231318 160.268746 1.027570 
0.055723 75.230260 160.129229 1.027599 
0.055479 75.231678 159.995246 1.027651 
0.055228 75.230521 159.855457 1.027557 
0.055146 75.232160 159.724723 1.027683 
0.055324 75.235460 159.588091 1.027591 
0.055237 75.240731 159.458551 1.027621 
0.054838 75.236332 159.336145 1.027409 
0.054785 75.236492 159.184092 1.027622 
0.054924 75.245476 159.065271 1.027641 
0.054942 75.239670 158.930832 1.027551 
0.054886 75.236434 158.797691 1.027636 
0.054861 75.243425 158.668422 1.027625 
0.055116 75.245130 158.541212 1.027853 
0.055267 75.243057 158.405223 1.027633 
0.055359 75.238255 158.285261 1.027686 
0.055477 75.241708 158.151511 1.027646 
0.055533 75.236355 158.035677 1.027592 
0.055935 75.236292 157.903171 1.027626 
0.055982 75.232472 157.776769 1.027620 
0.056543 75.242425 157.657759 1.027577 
0.056515 75.234425 157.537939 1.027713 
0.057092 75.239246 157.407148 1.027585 
0.057232 75.235853 157.284697 1.027700 
0.057758 75.238311 157.169966 1.027740 
0.058105 75.243249 157.046394 1.027550 
0.058648 75.237298 156.922996 1.027621 
0.059117 75.230286 156.815656 1.027441 
0.059587 75.235996 156.696978 1.027418 
0.060112 75.230035 156.586287 1.027539 
0.060801 75.225537 156.463442 1.027291 
0.061138 75.231040 156.340698 1.027508 
0.061641 75.233956 156.228143 1.027291 
0.062441 75.229546 156.111405 1.027591 
0.062726 75.230392 156.008594 1.027615 
0.063793 75.227353 155.886144 1.027473 
0.064337 75.225719 155.770768 1.027816 
0.065231 75.237608 155.662741 1.027483 
0.065968 75.234786 155.549380 1.027628 
0.066992 75.238613 155.427489 1.027612 
0.067767 75.223979 155.316973 1.027570 
0.068367 75.236783 155.208201 1.027535 
0.069314 75.229445 155.091176 1.027406 
0.070440 75.227345 154.984366 1.027454 
0.071233 75.227133 154.873012 1.027589 
0.072221 75.228807 154.757648 1.027692 
0.073305 75.222411 154.652460 1.027615 
0.074140 75.234269 154.541894 1.027584 
0.075024 75.227962 154.439359 1.027428 
0.076014 75.224429 154.315642 1.027414 
0.077173 75.228527 154.215521 1.027552 
0.077860 75.242374 154.109161 1.027407 
0.079078 75.231191 154.013712 1.027499 
0.080082 75.226999 153.898355 1.027350 
0.080960 75.238236 153.797596 1.027585 
0.081996 75.230457 153.693880 1.027582 
0.083132 75.231615 153.582140 1.027443 
0.084032 75.236762 153.477344 1.027562 
0.085122 75.247955 153.381224 1.027370 
0.086254 75.237949 153.267547 1.027468 
0.087177 75.241289 153.165999 1.027507 
0.088505 75.239370 153.059113 1.027511 
0.089729 75.237211 152.964839 1.027500 
0.090681 75.243722 152.852771 1.027360 
0.091784 75.238031 152.757492 1.027520 
0.092881 75.237533 152.655417 1.027611 
0.094062 75.237639 152.548803 1.027582 
0.095265 75.241351 152.456139 1.027465 
0.096312 75.247829 152.367605 1.027394 
0.097551 75.246157 152.267234 1.027336 
0.098697 75.246566 152.161466 1.027463 
0.099657 75.248316 152.071121 1.027490 
0.100978 75.247197 151.976057 1.027526 
0.101853 75.240059 151.874558 1.027696 
0.103383 75.238017 151.778721 1.027648 
0.104287 75.251686 151.683261 1.027630 
0.105554 75.250999 151.592319 1.027622 
0.106712 75.243167 151.501390 1.027629 
0.107602 75.245727 151.406116 1.027536 
0.109047 75.245912 151.314929 1.027564 
0.109990 75.248742 151.211358 1.027461 
0.111080 75.251166 151.128226 1.027602 
0.112080 75.249339 151.041885 1.027625 
0.113511 75.246585 150.938068 1.027609 
0.114686 75.247575 150.854895 1.027446 
0.115734 75.254309 150.766527 1.027656 
0.116995 75.254174 150.678737 1.027494 
0.117862 75.252396 150.588365 1.027478 
0.118990 75.253473 150.503459 1.027621 
0.120035 75.249207 150.415526 1.027444 
0.121269 75.250392 150.320574 1.027436 
0.122147 75.250337 150.241000 1.027476 
0.123121 75.257637 150.158302 1.027288 
0.124364 75.250663 150.072989 1.027289 
0.125530 75.256415 149.986393 1.027314 
0.126521 75.262259 149.902210 1.027332 
0.127333 75.251521 149.812168 1.027363 
0.128303 75.250809 149.727606 1.027296 
0.129458 75.244631 149.640656 1.027349 
0.130312 75.251543 149.552441 1.027490 
0.131460 75.252821 149.482993 1.027636 
0.132395 75.249953 149.394187 1.027478 
0.133358 75.252735 149.307501 1.027587 
0.134534 75.256930 149.225452 1.027566 
0.135494 75.253846 149.140728 1.027609 
0.136369 75.256730 149.065493 1.027570 
0.137454 75.259178 148.985392 1.027535 
0.138362 75.253985 148.911050 1.027617 
0.139487 75.256436 148.816888 1.027377 
0.140479 75.247933 148.742860 1.027394 
0.141628 75.251017 148.665619 1.027563 
0.142352 75.255937 148.585921 1.027599 
0.143286 75.260961 148.506039 1.027537 
0.144696 75.263768 148.434138 1.027392 
0.145432 75.241301 148.356764 1.027573 
0.146283 75.252784 148.280170 1.027526 
0.147613 75.250167 148.205261 1.027631 
0.148180 75.247066 148.136410 1.027512 
0.149313 75.244773 148.059108 1.027638 
0.150130 75.246959 147.991883 1.027594 
0.151212 75.246467 147.914936 1.027561 
0.152077 75.236638 147.843115 1.027267 
0.152594 75.240330 147.762918 1.027709 
0.153501 75.230197 147.699045 1.027412 
0.154490 75.235466 147.633264 1.027560 
0.155174 75.236741 147.559975 1.027690 
0.155980 75.236871 147.490641 1.027651 
0.156571 75.235468 147.422079 1.027563 
0.157465 75.238405 147.353063 1.027463 
0.158231 75.235035 147.284209 1.027467 
0.158797 75.235982 147.220961 1.027335 
0.159652 75.240664 147.144416 1.027421 
0.160438 75.245484 147.083296 1.027539 
0.161094 75.244456 147.009160 1.027494 
0.161756 75.239690 146.944989 1.027513 
0.162409 75.240820 146.877499 1.027502 
0.162860 75.237718 146.815474 1.027452 
0.163483 75.235898 146.740447 1.027534 
0.164249 75.238543 146.684392 1.027462 
0.164736 75.247490 146.621051 1.027453 
0.165054 75.242579 146.553090 1.027515 
0.165922 75.239977 146.497592 1.027554 
0.166360 75.240562 146.426542 1.027758 
0.166627 75.248421 146.362917 1.027646 
0.167091 75.240518 146.304062 1.027579 
0.167640 75.242153 146.239490 1.027398 
0.167876 75.242154 146.178789 1.027705 
0.168252 75.248744 146.121088 1.027547 
0.168861 75.240930 146.050407 1.027596 
0.169217 75.237421 145.992449 1.027640 
0.169285 75.248533 145.923901 1.027634 
0.169597 75.247578 145.863231 1.027696 
0.169908 75.238142 145.799094 1.027582 
0.170336 75.233438 145.742101 1.027489 
0.170409 75.236584 145.682311 1.027390 
0.170907 75.237404 145.634300 1.027622 
0.170824 75.228715 145.570631 1.027617 
0.171009 75.232205 145.508367 1.027760 
0.171285 75.238555 145.447782 1.027471 
0.171479 75.232791 145.395577 1.027527 
0.171646 75.231162 145.341231 1.027442 
0.171922 75.235251 145.278323 1.027429 
0.171950 75.233425 145.226737 1.027349 
0.172121 75.238339 145.166197 1.027402 
0.172180 75.234190 145.114587 1.027544 
