0.121919 74.046980 201.098928 1.027516 
0.290780 73.920381 243.377046 1.027462 
0.290665 73.924986 243.445117 1.027749 
0.290579 73.913609 243.516086 1.027540 
0.290430 73.924476 243.584959 1.027679 
0.290196 73.921715 243.645838 1.027546 
0.290058 73.921449 243.722021 1.027585 
0.290109 73.917941 243.787221 1.027670 
0.289972 73.919901 243.861099 1.027539 
0.289775 73.924439 243.927569 1.027372 
0.289666 73.918008 243.987024 1.027281 
0.289641 73.927744 244.068119 1.027823 
0.289352 73.923873 244.126932 1.027772 
0.289212 73.925183 244.195794 1.027539 
0.289169 73.925556 244.269602 1.027708 
0.289111 73.927159 244.333943 1.027788 
0.288909 73.929431 244.403999 1.027637 
0.288808 73.927688 244.472253 1.027531 
0.288559 73.929025 244.538488 1.027795 
0.288369 73.931962 244.599084 1.027601 
0.288484 73.935010 244.657950 1.027705 
0.288109 73.938762 244.717207 1.027623 
0.288073 73.931644 244.777688 1.027778 
0.287867 73.941051 244.833436 1.027642 
0.287470 73.942510 244.893362 1.027769 
0.287303 73.937997 244.954000 1.027751 
0.287015 73.945693 245.007607 1.027703 
0.286943 73.937022 245.068836 1.027670 
0.286604 73.948685 245.124104 1.027605 
0.286665 73.947583 245.179278 1.027612 
0.286137 73.950056 245.239877 1.027432 
0.285762 73.954013 245.290685 1.027650 
0.285551 73.956780 245.348272 1.027617 
0.285104 73.964540 245.408499 1.027659 
0.285030 73.966566 245.464907 1.027642 
0.284849 73.967942 245.523370 1.027527 
0.284327 73.974425 245.582559 1.027582 
0.284008 73.969572 245.643920 1.027655 
0.283596 73.976926 245.705114 1.027714 
0.283390 73.973981 245.759492 1.027630 
0.282958 73.976304 245.803583 1.027607 
0.282707 73.974639 245.869477 1.027597 
0.282423 73.982171 245.931846 1.027850 
0.281876 73.974644 245.992298 1.027562 
0.281456 73.982088 246.048438 1.027571 
0.280976 73.983867 246.104086 1.027719 
0.280602 73.981827 246.154511 1.027347 
0.280065 73.986721 246.216084 1.027547 
0.279606 73.981478 246.271612 1.027561 
0.279330 73.982398 246.320494 1.027499 
0.278861 73.990929 246.388995 1.027539 
0.278023 73.982302 246.436112 1.027669 
0.277701 73.980993 246.495418 1.027751 
0.277045 73.980695 246.545283 1.027686 
0.276301 73.974372 246.596245 1.027713 
0.275883 73.980257 246.656500 1.027527 
0.275463 73.976999 246.717630 1.027568 
0.274622 73.969250 246.774001 1.027652 
0.274257 73.970782 246.830231 1.027669 
0.273426 73.967605 246.879956 1.027531 
0.272712 73.958629 246.936053 1.027577 
0.272037 73.961704 247.003238 1.027334 
0.271585 73.954885 247.063820 1.027671 
0.270924 73.954684 247.119069 1.027590 
0.270226 73.952161 247.180644 1.027673 
0.269343 73.954942 247.236397 1.027455 
0.268642 73.957696 247.301268 1.027534 
0.268131 73.951052 247.359105 1.027411 
0.267533 73.948010 247.410358 1.027394 
0.266707 73.947451 247.472549 1.027212 
0.266067 73.949332 247.541447 1.027426 
0.265290 73.952420 247.596963 1.027558 
0.264482 73.938178 247.660541 1.027409 
0.263699 73.944215 247.714691 1.027515 
0.262875 73.943787 247.765857 1.027322 
0.262681 73.950891 247.836826 1.027283 
0.261482 73.951411 247.886765 1.027417 
0.260713 73.947814 247.945220 1.027504 
0.260047 73.934101 247.999716 1.027352 
0.259139 73.927026 248.061051 1.027372 
0.258588 73.928065 248.131900 1.027394 
0.257624 73.938235 248.189140 1.027325 
0.256946 73.931360 248.249768 1.027602 
0.255925 73.931119 248.304062 1.027512 
0.255345 73.938446 248.356914 1.027536 
0.254546 73.929757 248.408789 1.027625 
0.253525 73.921473 248.464953 1.027475 
0.252946 73.930933 248.531093 1.027466 
0.252124 73.932835 248.580417 1.027607 
0.250978 73.929041 248.628616 1.027504 
0.250118 73.921562 248.671233 1.027388 
0.249412 73.918895 248.724066 1.027552 
0.248372 73.909741 248.773266 1.027490 
0.247427 73.911962 248.812658 1.027588 
0.246221 73.914491 248.865096 1.027489 
0.245400 73.908017 248.908012 1.027601 
0.244488 73.899578 248.943794 1.027562 
0.243410 73.896153 248.984772 1.027669 
0.242249 73.893557 249.026809 1.027647 
0.241216 73.896461 249.067781 1.027510 
0.240299 73.895101 249.102290 1.027668 
0.238861 73.879718 249.150114 1.027701 
0.238011 73.883553 249.189196 1.027414 
0.237009 73.884941 249.228971 1.027597 
0.235545 73.882689 249.277051 1.027739 
0.234548 73.885852 249.313198 1.027623 
0.233222 73.877082 249.358252 1.027431 
0.232350 73.884478 249.387915 1.027608 
0.230893 73.880368 249.437733 1.027553 
0.230123 73.874185 249.478591 1.027342 
0.228832 73.878935 249.519454 1.027499 
0.227696 73.884902 249.558000 1.027504 
0.226741 73.881589 249.612081 1.027346 
0.225776 73.888893 249.650901 1.027409 
0.224454 73.888158 249.694641 1.027311 
0.223603 73.891012 249.733434 1.027336 
0.222694 73.892131 249.769808 1.027399 
0.221493 73.896855 249.802240 1.027324 
0.220367 73.886498 249.838527 1.027470 
0.219319 73.884494 249.887668 1.027523 
0.218278 73.878437 249.922989 1.027277 
0.217181 73.888644 249.958719 1.027349 
0.216049 73.892200 250.007583 1.027455 
0.214785 73.892051 250.049802 1.027177 
0.213895 73.895944 250.081543 1.027374 
0.212474 73.899762 250.118140 1.027368 
0.211630 73.900503 250.154696 1.027470 
0.210359 73.896451 250.196934 1.027301 
0.209326 73.895129 250.235598 1.027263 
0.208089 73.894580 250.271676 1.027354 
0.207079 73.901132 250.304939 1.027563 
0.206016 73.898706 250.345541 1.027466 
0.205151 73.900119 250.386394 1.027498 
0.204115 73.895009 250.424799 1.027558 
0.203187 73.900722 250.463404 1.027159 
0.202063 73.902203 250.494023 1.027285 
0.201175 73.906862 250.537247 1.027654 
0.200180 73.908397 250.581297 1.027337 
0.199525 73.905627 250.618946 1.027366 
0.198469 73.909992 250.661766 1.027540 
0.197633 73.906402 250.695380 1.027471 
0.196966 73.907044 250.727900 1.027465 
0.196105 73.903807 250.764765 1.027541 
0.195360 73.910425 250.801527 1.027461 
0.194571 73.916337 250.827986 1.027580 
0.193544 73.911501 250.873642 1.027533 
0.193064 73.918443 250.914577 1.027636 
0.192118 73.918701 250.954878 1.027508 
0.191416 73.917294 250.986263 1.027475 
0.190552 73.923325 251.026376 1.027713 
0.189648 73.930255 251.076860 1.027684 
0.188976 73.928724 251.100931 1.027529 
0.188329 73.924626 251.138688 1.027371 
0.187522 73.922029 251.167954 1.027487 
0.186932 73.917978 251.210733 1.027524 
0.186074 73.922074 251.244862 1.027462 
0.185242 73.925039 251.276257 1.027404 
0.184624 73.919350 251.303442 1.027466 
0.183818 73.919331 251.340405 1.027612 
0.183315 73.922922 251.379489 1.027431 
0.182357 73.920592 251.409574 1.027479 
0.182063 73.922185 251.430602 1.027535 
0.181095 73.917738 251.467867 1.027549 
0.180406 73.918171 251.496015 1.027322 
0.179635 73.921413 251.514181 1.027618 
0.178886 73.924966 251.550321 1.027676 
0.178294 73.928849 251.580930 1.027565 
0.177462 73.927189 251.609460 1.027610 
0.177034 73.930761 251.629927 1.027504 
0.175986 73.935309 251.660465 1.027704 
0.175219 73.943296 251.691028 1.027443 
0.174457 73.938351 251.716118 1.027535 
0.173614 73.936005 251.743171 1.027540 
0.172930 73.931029 251.775072 1.027685 
0.172246 73.931742 251.807426 1.027598 
0.171720 73.937497 251.833448 1.027585 
0.171008 73.935727 251.873324 1.027387 
0.170282 73.939682 251.899500 1.027615 
0.169738 73.946694 251.931448 1.027594 
0.168903 73.941016 251.956953 1.027384 
0.168492 73.944276 251.989138 1.027544 
0.167773 73.947810 252.007961 1.027543 
0.167247 73.944600 252.041985 1.027549 
0.166600 73.945211 252.078157 1.027372 
0.166302 73.943209 252.105535 1.027588 
0.165528 73.943302 252.134199 1.027640 
0.164942 73.943595 252.172405 1.027585 
0.164634 73.949377 252.194405 1.027639 
0.164235 73.947115 252.221965 1.027555 
0.163880 73.942201 252.253819 1.027462 
0.163462 73.947071 252.295946 1.027296 
0.162979 73.946773 252.323844 1.027309 
0.162807 73.958133 252.357494 1.027739 
0.162518 73.954764 252.386183 1.027553 
0.162208 73.953364 252.412136 1.027415 
0.161789 73.957672 252.448273 1.027605 
0.161450 73.964634 252.482104 1.027569 
0.160922 73.956354 252.516227 1.027409 
0.160903 73.957152 252.554675 1.027230 
0.160524 73.965288 252.584100 1.027558 
