0.253794 75.372537 203.934371 1.027600 
0.085084 75.529598 138.399672 1.027380 
0.085049 75.532216 138.338682 1.027532 
0.084941 75.530080 138.282081 1.027602 
0.084754 75.533392 138.221416 1.027590 
0.085156 75.525061 138.162513 1.027536 
0.085000 75.531933 138.104340 1.027701 
0.085211 75.528648 138.038500 1.027711 
0.085258 75.522799 137.986041 1.027274 
0.085467 75.521794 137.915452 1.027480 
0.085530 75.527178 137.863918 1.027509 
0.085866 75.526902 137.809690 1.027615 
0.085879 75.520220 137.751184 1.027457 
0.086051 75.512138 137.696167 1.027538 
0.086616 75.513834 137.638862 1.027525 
0.086903 75.515355 137.574678 1.027451 
0.086936 75.515220 137.512987 1.027495 
0.087312 75.516740 137.458899 1.027521 
0.087802 75.514107 137.394747 1.027537 
0.088066 75.511775 137.339405 1.027478 
0.088206 75.504851 137.280576 1.027678 
0.088711 75.504004 137.220203 1.027592 
0.089003 75.509248 137.166906 1.027388 
0.089499 75.502961 137.094971 1.027374 
0.089900 75.504519 137.045835 1.027446 
0.090247 75.512715 136.977016 1.027547 
0.090836 75.514418 136.918919 1.027388 
0.091341 75.505026 136.857660 1.027546 
0.091611 75.507389 136.802607 1.027482 
0.092393 75.501699 136.745991 1.027599 
0.092723 75.502614 136.681808 1.027643 
0.093308 75.513117 136.629918 1.027566 
0.094171 75.502367 136.561265 1.027401 
0.094527 75.501781 136.513773 1.027638 
0.094697 75.505889 136.450444 1.027670 
0.095310 75.502529 136.407416 1.027614 
0.096062 75.511275 136.352583 1.027643 
0.096697 75.501098 136.299575 1.027607 
0.097407 75.505636 136.241165 1.027610 
0.097794 75.501623 136.182594 1.027486 
0.098333 75.502846 136.138723 1.027549 
0.099160 75.510849 136.081009 1.027608 
0.099807 75.509507 136.032643 1.027660 
0.100585 75.510634 135.982901 1.027721 
0.101044 75.508500 135.935878 1.027568 
0.101950 75.514860 135.880353 1.027614 
0.102482 75.515603 135.830052 1.027677 
0.103156 75.523584 135.778849 1.027470 
0.103966 75.513773 135.730794 1.027697 
0.104707 75.515933 135.677788 1.027668 
0.105509 75.509836 135.631440 1.027589 
0.106069 75.503908 135.587073 1.027610 
0.106660 75.505907 135.535514 1.027710 
0.107469 75.501400 135.479439 1.027573 
0.108333 75.503921 135.433835 1.027482 
0.108821 75.491578 135.384351 1.027599 
0.109715 75.498242 135.330569 1.027628 
0.110530 75.496911 135.283791 1.027587 
0.111285 75.494500 135.240319 1.027392 
0.112090 75.491968 135.192132 1.027417 
0.112857 75.493114 135.146335 1.027544 
0.113643 75.500595 135.098570 1.027514 
0.114654 75.507954 135.053373 1.027553 
0.115496 75.499410 135.000328 1.027738 
0.116330 75.498971 134.952809 1.027461 
0.117053 75.495276 134.903488 1.027602 
0.118028 75.500821 134.857030 1.027376 
0.118863 75.500618 134.815080 1.027588 
0.119400 75.499245 134.776586 1.027507 
0.120355 75.500075 134.719136 1.027744 
0.121112 75.503014 134.681015 1.027522 
0.121990 75.506372 134.641229 1.027584 
0.122608 75.507420 134.597355 1.027724 
0.123498 75.499450 134.550111 1.027568 
0.124516 75.505173 134.519268 1.027278 
0.125402 75.501516 134.476707 1.027617 
0.125870 75.503282 134.435942 1.027675 
0.126800 75.501319 134.396099 1.027651 
0.127592 75.504306 134.355567 1.027613 
0.128242 75.504855 134.312168 1.027678 
0.129293 75.505597 134.270952 1.027762 
0.130078 75.508909 134.234607 1.027640 
0.130982 75.511419 134.184922 1.027418 
0.131700 75.511507 134.143586 1.027557 
0.132496 75.509382 134.107286 1.027451 
0.133242 75.510331 134.065864 1.027534 
0.133974 75.514518 134.024536 1.027392 
0.134668 75.514969 133.971593 1.027638 
0.135615 75.516971 133.942838 1.027696 
0.135987 75.521710 133.906362 1.027713 
0.137076 75.520294 133.867189 1.027825 
0.137489 75.525053 133.825103 1.027785 
0.138256 75.527606 133.782479 1.027658 
0.139040 75.525352 133.738567 1.027555 
0.139745 75.521494 133.703414 1.027661 
0.140202 75.521606 133.668076 1.027492 
0.140967 75.514926 133.624582 1.027602 
0.141784 75.523930 133.596837 1.027584 
0.142077 75.520345 133.551592 1.027659 
0.142771 75.521242 133.513099 1.027628 
0.143596 75.522497 133.468477 1.027642 
0.144131 75.519567 133.428935 1.027575 
0.144518 75.513088 133.391409 1.027583 
0.145300 75.517049 133.351710 1.027718 
0.145649 75.521370 133.316041 1.027829 
0.146426 75.513403 133.273789 1.027658 
0.146778 75.510974 133.233522 1.027727 
0.147172 75.512112 133.197727 1.027647 
0.148023 75.507401 133.161795 1.027701 
0.148403 75.512107 133.123906 1.027600 
0.148968 75.511589 133.081847 1.027523 
0.149181 75.504432 133.049691 1.027350 
0.150087 75.508114 133.018778 1.027434 
0.150592 75.515320 132.982647 1.027722 
0.150902 75.509740 132.948724 1.027608 
0.151518 75.506153 132.911053 1.027353 
0.151643 75.507782 132.882102 1.027749 
0.152428 75.515470 132.846664 1.027687 
0.152659 75.501868 132.816066 1.027500 
0.153298 75.500713 132.784417 1.027552 
0.153764 75.501429 132.750011 1.027791 
0.154125 75.505193 132.716791 1.027720 
0.154070 75.504095 132.699333 1.027607 
0.154943 75.497779 132.670729 1.027787 
0.154965 75.498413 132.634948 1.027740 
0.155281 75.486971 132.601468 1.027495 
0.155310 75.491296 132.574897 1.027637 
0.155606 75.486266 132.550934 1.027463 
0.155758 75.490856 132.509801 1.027849 
0.155768 75.481069 132.485208 1.027655 
0.155678 75.477252 132.455991 1.027613 
0.155880 75.478511 132.422476 1.027625 
0.155864 75.473330 132.391839 1.027509 
0.155934 75.466110 132.360209 1.027541 
0.155876 75.469970 132.327811 1.027464 
0.155923 75.467253 132.305166 1.027746 
0.155993 75.465585 132.272331 1.027793 
0.155792 75.467208 132.238027 1.027636 
0.155796 75.459659 132.199648 1.027739 
0.155627 75.454431 132.172892 1.027526 
0.155634 75.459062 132.139950 1.027480 
0.155417 75.455391 132.101107 1.027715 
0.155267 75.447089 132.072190 1.027646 
0.155207 75.443943 132.035978 1.027601 
0.155124 75.446366 132.001406 1.027483 
0.154706 75.444704 131.970129 1.027739 
0.154688 75.446126 131.935304 1.027740 
0.154159 75.442792 131.906167 1.027782 
0.154040 75.444745 131.873794 1.027576 
0.153702 75.444846 131.833357 1.027579 
0.153433 75.442872 131.800534 1.027491 
0.152994 75.442944 131.774598 1.027520 
0.152377 75.437623 131.742756 1.027372 
0.152184 75.436140 131.723985 1.027360 
0.151929 75.446563 131.693781 1.027538 
0.151508 75.434691 131.662617 1.027529 
0.151135 75.437198 131.637165 1.027558 
0.150587 75.437332 131.606371 1.027490 
0.150261 75.434845 131.587310 1.027500 
0.149532 75.435925 131.562204 1.027575 
0.149386 75.435678 131.541898 1.027402 
0.148839 75.433154 131.512546 1.027543 
0.148307 75.432239 131.491878 1.027502 
0.147906 75.434710 131.462779 1.027567 
0.147413 75.439356 131.443020 1.027549 
0.146918 75.438010 131.420603 1.027582 
0.146554 75.440209 131.396898 1.027551 
0.145776 75.439632 131.379481 1.027535 
0.145270 75.442336 131.362417 1.027572 
0.144716 75.439023 131.340803 1.027771 
0.144138 75.435677 131.314525 1.027485 
0.143646 75.440576 131.298100 1.027592 
0.143081 75.436561 131.278639 1.027812 
0.142609 75.439219 131.252784 1.027510 
0.141755 75.428883 131.228879 1.027515 
0.141114 75.436692 131.205916 1.027515 
0.140542 75.430918 131.185263 1.027503 
0.139640 75.427041 131.151126 1.027565 
0.139063 75.429554 131.132643 1.027739 
0.138096 75.429762 131.110695 1.027509 
0.137474 75.427760 131.086396 1.027576 
0.136760 75.430434 131.054769 1.027607 
0.135935 75.426109 131.029603 1.027561 
0.135022 75.426656 131.004850 1.027571 
0.134426 75.423396 130.978335 1.027412 
0.133347 75.424889 130.950369 1.027589 
0.132626 75.420448 130.927171 1.027567 
0.131704 75.429533 130.901689 1.027630 
0.130981 75.428761 130.869881 1.027529 
0.130054 75.429182 130.838696 1.027554 
0.128955 75.428576 130.816592 1.027547 
0.128204 75.424282 130.787657 1.027527 
0.127211 75.419809 130.759463 1.027517 
0.126287 75.433631 130.737699 1.027643 
0.125201 75.420672 130.706478 1.027675 
0.124464 75.423396 130.683911 1.027702 
0.123361 75.425157 130.660386 1.027696 
0.122588 75.431818 130.637639 1.027698 
0.121450 75.429313 130.606357 1.027651 
0.120602 75.422829 130.586557 1.027676 
