0.206638 74.754478 171.100296 1.027402 
0.253178 74.616758 207.184386 1.027540 
0.253729 74.618205 207.259951 1.027662 
0.254117 74.618868 207.314784 1.027665 
0.254485 74.621535 207.390918 1.027604 
0.255000 74.614353 207.445482 1.027462 
0.255139 74.617668 207.509567 1.027465 
0.255508 74.625235 207.578385 1.027257 
0.256114 74.630381 207.636917 1.027495 
0.256224 74.628860 207.706595 1.027541 
0.256843 74.623889 207.769616 1.027611 
0.257154 74.631336 207.829571 1.027588 
0.257660 74.631594 207.893531 1.027483 
0.258102 74.625109 207.956288 1.027598 
0.258466 74.628721 208.023472 1.027526 
0.259472 74.622803 208.082124 1.027522 
0.259927 74.623327 208.150523 1.027598 
0.260406 74.628699 208.210166 1.027650 
0.260817 74.630685 208.270996 1.027557 
0.261266 74.620857 208.328340 1.027599 
0.261887 74.623831 208.392923 1.027744 
0.262186 74.623454 208.454148 1.027767 
0.262605 74.618204 208.519937 1.027521 
0.263180 74.620975 208.580697 1.027530 
0.263607 74.614306 208.649290 1.027528 
0.263942 74.623172 208.704551 1.027759 
0.264333 74.620714 208.766422 1.027546 
0.264922 74.619481 208.827592 1.027545 
0.265321 74.620318 208.893742 1.027706 
0.265845 74.620864 208.949551 1.027588 
0.266029 74.619597 209.017178 1.027665 
0.266305 74.622056 209.078307 1.027411 
0.266874 74.621864 209.139884 1.027392 
0.267031 74.617536 209.203688 1.027647 
0.267662 74.620931 209.264962 1.027747 
0.267846 74.623306 209.329145 1.027567 
0.268184 74.625467 209.388485 1.027597 
0.268763 74.622012 209.458896 1.027574 
0.268764 74.615871 209.515178 1.027388 
0.269120 74.622674 209.580319 1.027253 
0.269333 74.631287 209.641262 1.027533 
0.269625 74.618950 209.703740 1.027346 
0.269544 74.625309 209.768953 1.027517 
0.270118 74.632627 209.827105 1.027508 
0.270212 74.625811 209.888466 1.027621 
0.270539 74.628312 209.948838 1.027510 
0.270942 74.633132 210.001966 1.027699 
0.271101 74.624568 210.060498 1.027639 
0.271212 74.623998 210.123517 1.027518 
0.271599 74.622763 210.182869 1.027397 
0.272083 74.633520 210.238077 1.027471 
0.272040 74.615058 210.299339 1.027578 
0.272368 74.621708 210.363439 1.027435 
0.272342 74.624662 210.417339 1.027578 
0.272758 74.628339 210.471983 1.027546 
0.272908 74.624075 210.523970 1.027509 
0.272848 74.626765 210.572172 1.027596 
0.273268 74.624361 210.626039 1.027642 
0.273248 74.631489 210.676219 1.027702 
0.273517 74.631182 210.716434 1.027534 
0.273307 74.634385 210.769754 1.027648 
0.273333 74.626069 210.819739 1.027599 
0.273432 74.617298 210.867797 1.027532 
0.273413 74.617296 210.908257 1.027603 
0.273479 74.613121 210.947073 1.027896 
0.273506 74.609639 211.000824 1.027657 
0.273496 74.624491 211.053628 1.027726 
0.273224 74.624007 211.102272 1.027602 
0.273082 74.621427 211.155173 1.027634 
0.272635 74.626961 211.200315 1.027526 
0.272862 74.619864 211.250782 1.027669 
0.272427 74.619930 211.286753 1.027342 
0.272242 74.621547 211.344111 1.027489 
0.272018 74.619959 211.387711 1.027429 
0.271638 74.630816 211.427511 1.027627 
0.271622 74.636142 211.479029 1.027548 
0.270979 74.629184 211.530794 1.027570 
0.270637 74.629304 211.579570 1.027674 
0.270140 74.634747 211.625942 1.027861 
0.270049 74.628366 211.672572 1.027393 
0.269555 74.637892 211.720756 1.027592 
0.269215 74.628567 211.765007 1.027595 
0.268921 74.631942 211.811850 1.027680 
0.268285 74.635419 211.861051 1.027585 
0.268067 74.645352 211.897238 1.027596 
0.267637 74.637298 211.944893 1.027684 
0.267092 74.646169 211.983293 1.027622 
0.266625 74.650069 212.021510 1.027690 
0.266160 74.645038 212.074456 1.027668 
0.265840 74.648634 212.114512 1.027682 
0.265277 74.641148 212.158281 1.027548 
0.264566 74.642991 212.202183 1.027548 
0.264403 74.638263 212.239682 1.027618 
0.263798 74.641790 212.288033 1.027555 
0.263260 74.642291 212.333824 1.027469 
0.263003 74.643572 212.373042 1.027548 
0.262534 74.639005 212.415014 1.027615 
0.261846 74.638472 212.454591 1.027623 
0.261449 74.635629 212.500183 1.027461 
0.260758 74.641133 212.540039 1.027400 
0.260200 74.636940 212.588562 1.027547 
0.259515 74.637743 212.622909 1.027504 
0.258846 74.642985 212.675922 1.027447 
0.258342 74.639306 212.722216 1.027472 
0.257635 74.640789 212.772294 1.027433 
0.256761 74.644897 212.817036 1.027451 
0.256149 74.638391 212.853465 1.027698 
0.255688 74.631737 212.889982 1.027454 
0.254768 74.632624 212.930899 1.027381 
0.254214 74.635734 212.973434 1.027333 
0.253547 74.632379 213.006222 1.027356 
0.252875 74.640246 213.051176 1.027568 
0.252162 74.628712 213.082756 1.027257 
0.251576 74.625519 213.113207 1.027549 
0.250678 74.632385 213.149324 1.027568 
0.250219 74.632677 213.179463 1.027502 
0.249352 74.637846 213.209776 1.027658 
0.248569 74.629986 213.243607 1.027626 
0.247973 74.636250 213.277412 1.027542 
0.247291 74.622144 213.310380 1.027644 
0.246304 74.624913 213.339436 1.027520 
0.245504 74.628745 213.367013 1.027704 
0.244738 74.629087 213.399688 1.027621 
0.244148 74.630220 213.426663 1.027459 
0.243066 74.623087 213.459416 1.027424 
0.242067 74.616309 213.504680 1.027419 
0.241507 74.616629 213.533087 1.027308 
0.240653 74.615796 213.571149 1.027436 
0.239808 74.612826 213.604691 1.027716 
0.238955 74.611092 213.645599 1.027438 
0.238184 74.605868 213.678164 1.027695 
0.237524 74.612506 213.716155 1.027495 
0.236448 74.610168 213.764432 1.027671 
0.235810 74.613283 213.793152 1.027683 
0.235031 74.600794 213.836391 1.027489 
0.234359 74.609538 213.879571 1.027600 
0.233496 74.606722 213.907764 1.027199 
0.232552 74.606676 213.937657 1.027517 
0.232023 74.611256 213.979433 1.027428 
0.230897 74.604990 214.017206 1.027475 
0.230425 74.600721 214.048004 1.027428 
0.229598 74.598995 214.071389 1.027437 
0.228360 74.601988 214.112876 1.027416 
0.227946 74.605087 214.149109 1.027631 
0.226810 74.605930 214.178301 1.027563 
0.226102 74.604632 214.216217 1.027706 
0.225152 74.595936 214.243990 1.027588 
0.224129 74.594449 214.268116 1.027720 
0.223379 74.599175 214.307835 1.027723 
0.222212 74.593888 214.327444 1.027789 
0.221485 74.594649 214.369236 1.027537 
0.220432 74.595064 214.390782 1.027503 
0.219499 74.598944 214.417485 1.027378 
0.218816 74.588563 214.447947 1.027415 
0.217696 74.593629 214.484035 1.027489 
0.216607 74.593726 214.515042 1.027429 
0.215776 74.593927 214.541028 1.027571 
0.214966 74.591968 214.562565 1.027470 
0.213675 74.598630 214.596416 1.027662 
0.212989 74.587362 214.636495 1.027568 
0.212130 74.587403 214.667686 1.027554 
0.211111 74.588190 214.696067 1.027382 
0.210159 74.588059 214.722684 1.027550 
0.209175 74.588308 214.754739 1.027536 
0.208434 74.584372 214.799650 1.027564 
0.207396 74.589132 214.826742 1.027531 
0.206193 74.595212 214.858285 1.027510 
0.205352 74.590126 214.888343 1.027334 
0.204530 74.598123 214.912326 1.027623 
0.203563 74.599792 214.950735 1.027679 
0.202430 74.593322 214.982276 1.027405 
0.201757 74.598040 215.019754 1.027454 
0.200562 74.592258 215.044901 1.027575 
0.199779 74.596648 215.077281 1.027402 
0.198460 74.598788 215.111437 1.027409 
0.197633 74.594161 215.142371 1.027551 
0.196705 74.599073 215.167265 1.027317 
0.195927 74.595052 215.198159 1.027601 
0.194583 74.595809 215.230338 1.027490 
0.193524 74.594626 215.259137 1.027428 
0.192563 74.590408 215.283376 1.027423 
0.191531 74.602444 215.309700 1.027590 
0.190454 74.598946 215.339483 1.027391 
0.189440 74.600568 215.365496 1.027529 
0.188385 74.600815 215.395246 1.027565 
0.187496 74.605691 215.431621 1.027299 
0.186268 74.609352 215.460674 1.027517 
0.185451 74.608095 215.484685 1.027594 
0.184560 74.614842 215.505868 1.027555 
0.183144 74.616847 215.531582 1.027850 
0.182423 74.619645 215.560089 1.027635 
0.181206 74.612470 215.584361 1.027689 
0.180406 74.613483 215.607512 1.027345 
0.179125 74.618552 215.633588 1.027481 
0.178297 74.624750 215.654852 1.027461 
0.177002 74.617308 215.673876 1.027470 
0.175979 74.621185 215.704726 1.027472 
0.175292 74.615147 215.726761 1.027642 
0.174162 74.619030 215.743179 1.027504 
0.173035 74.615030 215.763478 1.027599 
