0.114261 75.474436 166.410489 1.027755 
0.135335 75.440808 197.116268 1.027652 
0.134954 75.442863 197.171036 1.027678 
0.135013 75.441525 197.226470 1.027647 
0.134293 75.437922 197.284060 1.027591 
0.134400 75.438887 197.337147 1.027458 
0.134124 75.433811 197.399091 1.027440 
0.134118 75.438224 197.444040 1.027454 
0.134086 75.432834 197.488971 1.027474 
0.133738 75.437003 197.540375 1.027545 
0.133500 75.429348 197.590475 1.027386 
0.133509 75.431622 197.640851 1.027512 
0.133600 75.434861 197.691061 1.027525 
0.133385 75.428299 197.738869 1.027715 
0.133306 75.424831 197.779339 1.027704 
0.133597 75.427780 197.836444 1.027721 
0.133722 75.426640 197.889710 1.027657 
0.133585 75.418935 197.937903 1.027687 
0.133877 75.422810 197.986977 1.027740 
0.134079 75.425125 198.042094 1.027754 
0.134336 75.421843 198.095601 1.027585 
0.134934 75.421069 198.149917 1.027695 
0.135140 75.411796 198.196503 1.027677 
0.135585 75.416015 198.248487 1.027602 
0.135662 75.409841 198.300050 1.027706 
0.136061 75.407380 198.342801 1.027701 
0.136387 75.406330 198.390751 1.027480 
0.136878 75.411924 198.445025 1.027440 
0.137149 75.414169 198.481640 1.027525 
0.137454 75.407308 198.532089 1.027465 
0.138094 75.413897 198.587526 1.027656 
0.138555 75.412354 198.637164 1.027547 
0.139186 75.414679 198.685942 1.027498 
0.139569 75.414841 198.727005 1.027503 
0.140013 75.417869 198.790684 1.027552 
0.140856 75.411377 198.838507 1.027495 
0.141204 75.411209 198.875117 1.027589 
0.141791 75.411428 198.939192 1.027457 
0.142260 75.404879 198.984438 1.027501 
0.142893 75.411200 199.035314 1.027460 
0.143263 75.413529 199.086331 1.027459 
0.143792 75.407091 199.139588 1.027423 
0.144122 75.416423 199.188716 1.027473 
0.144752 75.410439 199.233058 1.027504 
0.145113 75.411253 199.285868 1.027312 
0.145392 75.410653 199.331224 1.027526 
0.145847 75.412116 199.382336 1.027407 
0.146155 75.413947 199.435818 1.027659 
0.146767 75.413381 199.472555 1.027586 
0.146819 75.412806 199.530656 1.027504 
0.147338 75.416636 199.570761 1.027470 
0.147843 75.420390 199.621779 1.027427 
0.147928 75.413936 199.664221 1.027451 
0.148509 75.409467 199.706089 1.027405 
0.148939 75.427006 199.748249 1.027290 
0.149382 75.418741 199.788335 1.027487 
0.150055 75.421355 199.828888 1.027662 
0.150385 75.421689 199.878544 1.027615 
0.150946 75.419875 199.909530 1.027591 
0.151753 75.416726 199.956574 1.027679 
0.152258 75.425730 199.994593 1.027713 
0.152960 75.426666 200.032849 1.027690 
0.153368 75.428899 200.077751 1.027698 
0.153963 75.433316 200.114554 1.027897 
0.154585 75.430716 200.151725 1.027649 
0.155088 75.429106 200.184993 1.027755 
0.155550 75.427770 200.213425 1.027735 
0.156134 75.428377 200.248850 1.027745 
0.156790 75.425354 200.296710 1.027684 
0.157306 75.432751 200.320161 1.027687 
0.157635 75.429681 200.354463 1.027775 
0.158314 75.427710 200.392480 1.027807 
0.158745 75.429310 200.425261 1.027732 
0.159272 75.425077 200.457228 1.027760 
0.160050 75.419686 200.498292 1.027661 
0.160512 75.418235 200.530014 1.027689 
0.161164 75.412143 200.570387 1.027634 
0.161907 75.413779 200.608883 1.027725 
0.162392 75.412730 200.654331 1.027650 
0.163014 75.408805 200.681796 1.027650 
0.163941 75.411788 200.725873 1.027493 
0.164555 75.408325 200.755202 1.027557 
0.165083 75.409075 200.796426 1.027678 
0.165975 75.403317 200.834874 1.027665 
0.166575 75.400594 200.866655 1.027631 
0.167329 75.396237 200.908936 1.027667 
0.168031 75.397472 200.936063 1.027495 
0.168803 75.393850 200.980106 1.027764 
0.169368 75.391425 201.012281 1.027647 
0.170042 75.388626 201.037380 1.027592 
0.170802 75.384264 201.092330 1.027599 
0.171451 75.388658 201.122891 1.027573 
0.172391 75.388854 201.156091 1.027419 
0.173162 75.390216 201.190312 1.027487 
0.173919 75.389666 201.226747 1.027681 
0.174564 75.381282 201.263105 1.027571 
0.175386 75.386169 201.304444 1.027663 
0.176463 75.392061 201.345988 1.027716 
0.177130 75.388036 201.372901 1.027677 
0.177747 75.392605 201.401182 1.027634 
0.178839 75.387345 201.441632 1.027607 
0.179666 75.389892 201.467883 1.027613 
0.180205 75.387989 201.503321 1.027596 
0.181166 75.387660 201.530478 1.027628 
0.182132 75.396299 201.570414 1.027648 
0.182977 75.402479 201.599414 1.027520 
0.183413 75.394969 201.628773 1.027526 
0.184540 75.400607 201.660958 1.027528 
0.185369 75.401027 201.693779 1.027504 
0.186172 75.408465 201.716707 1.027584 
0.186643 75.406592 201.754439 1.027556 
0.187752 75.418025 201.791778 1.027647 
0.188660 75.417484 201.822082 1.027688 
0.189194 75.415783 201.846064 1.027548 
0.190184 75.417242 201.874253 1.027503 
0.191171 75.415169 201.911519 1.027527 
0.191875 75.410704 201.935809 1.027654 
0.192792 75.418563 201.962429 1.027356 
0.193670 75.417619 201.997132 1.027555 
0.194390 75.424727 202.028223 1.027329 
0.195422 75.424966 202.066943 1.027535 
0.196307 75.428904 202.098357 1.027421 
0.196599 75.421728 202.121081 1.027494 
0.197698 75.425209 202.152329 1.027613 
0.198572 75.421975 202.182998 1.027522 
0.199390 75.432299 202.210573 1.027408 
0.200000 75.433251 202.233891 1.027559 
0.200856 75.429566 202.254867 1.027558 
0.201772 75.430719 202.291654 1.027657 
0.202619 75.423293 202.319525 1.027698 
0.203435 75.424959 202.354839 1.027739 
0.204223 75.420873 202.381669 1.027556 
0.204865 75.429647 202.412459 1.027704 
0.205885 75.426111 202.440350 1.027550 
0.206743 75.432706 202.469091 1.027474 
0.207198 75.432678 202.501084 1.027558 
0.208340 75.430628 202.526960 1.027473 
0.208827 75.430270 202.552397 1.027511 
0.210130 75.437994 202.583125 1.027527 
0.210816 75.437465 202.610198 1.027570 
0.211645 75.438574 202.626939 1.027728 
0.212459 75.433801 202.654371 1.027546 
0.213318 75.432435 202.676811 1.027341 
0.214445 75.436719 202.688986 1.027599 
0.215148 75.437456 202.720421 1.027576 
0.215931 75.446142 202.733075 1.027736 
0.217057 75.443792 202.769465 1.027603 
0.217634 75.445069 202.783456 1.027585 
0.218439 75.442078 202.804398 1.027634 
0.219403 75.440471 202.826827 1.027382 
0.220351 75.442112 202.844365 1.027628 
0.221201 75.447365 202.868064 1.027592 
0.222064 75.453796 202.890975 1.027476 
0.222802 75.459811 202.915718 1.027570 
0.223704 75.448575 202.935724 1.027550 
0.224341 75.445160 202.954838 1.027656 
0.225309 75.447533 202.986873 1.027553 
0.226061 75.447041 203.007678 1.027614 
0.227183 75.439610 203.033692 1.027538 
0.227772 75.443682 203.047093 1.027630 
0.228782 75.439522 203.058813 1.027688 
0.229490 75.442224 203.083738 1.027521 
0.230202 75.442832 203.104137 1.027575 
0.230952 75.436530 203.120668 1.027810 
0.231803 75.434390 203.140922 1.027465 
0.232392 75.435093 203.163551 1.027686 
0.233043 75.434991 203.179960 1.027651 
0.233697 75.436107 203.200884 1.027479 
0.234575 75.436817 203.220526 1.027576 
0.235150 75.429537 203.239598 1.027623 
0.235832 75.429558 203.254595 1.027632 
0.236655 75.427549 203.278469 1.027637 
0.237370 75.422352 203.300727 1.027540 
0.237821 75.418952 203.318114 1.027729 
0.238657 75.418464 203.338268 1.027693 
0.239349 75.425315 203.361001 1.027662 
0.239891 75.420027 203.382445 1.027640 
0.240756 75.415309 203.397704 1.027562 
0.241664 75.416360 203.420165 1.027495 
0.242135 75.416752 203.442187 1.027587 
0.243030 75.409352 203.474000 1.027377 
0.243438 75.405465 203.488950 1.027443 
0.244329 75.408856 203.510484 1.027333 
0.244931 75.397985 203.535861 1.027451 
0.245372 75.398808 203.557339 1.027463 
0.245956 75.395283 203.572960 1.027306 
0.246490 75.393535 203.606258 1.027457 
0.247412 75.401535 203.629454 1.027704 
0.247591 75.393774 203.657262 1.027419 
0.248368 75.393544 203.678579 1.027399 
0.248973 75.389316 203.704409 1.027462 
0.249440 75.382873 203.726187 1.027517 
0.249969 75.370984 203.742931 1.027544 
0.250549 75.365859 203.770509 1.027591 
0.250975 75.378885 203.795797 1.027601 
0.251312 75.382052 203.821625 1.027697 
0.252142 75.382722 203.843144 1.027793 
0.252399 75.377217 203.870595 1.027549 
0.253182 75.385139 203.885809 1.027511 
0.253503 75.378901 203.900241 1.027483 
