0.103960 75.152512 165.295761 1.027710 
0.167706 75.059249 197.866676 1.027847 
0.167928 75.054891 197.930344 1.027563 
0.168968 75.060482 198.002411 1.027621 
0.169379 75.056317 198.065123 1.027558 
0.169796 75.060256 198.135075 1.027545 
0.170372 75.048145 198.199812 1.027645 
0.171057 75.053705 198.261983 1.027485 
0.171343 75.057957 198.328776 1.027493 
0.172354 75.054366 198.389193 1.027656 
0.172729 75.056569 198.463022 1.027789 
0.173549 75.053022 198.522948 1.027365 
0.174162 75.058098 198.586138 1.027530 
0.174876 75.054210 198.655336 1.027526 
0.175690 75.059922 198.725309 1.027602 
0.176373 75.058376 198.781275 1.027401 
0.177231 75.063969 198.856527 1.027652 
0.177739 75.060367 198.919291 1.027597 
0.178701 75.052970 198.981556 1.027519 
0.179024 75.056400 199.042208 1.027480 
0.180262 75.058261 199.108767 1.027424 
0.180963 75.056223 199.177401 1.027396 
0.181399 75.048248 199.239671 1.027487 
0.182374 75.056281 199.307031 1.027494 
0.183041 75.058675 199.370470 1.027599 
0.183762 75.060888 199.437972 1.027576 
0.184721 75.058394 199.497140 1.027429 
0.185615 75.062295 199.562397 1.027566 
0.186355 75.059203 199.627879 1.027565 
0.187099 75.060602 199.692247 1.027545 
0.188155 75.059434 199.762809 1.027692 
0.189051 75.061127 199.828849 1.027633 
0.189857 75.063524 199.875065 1.027612 
0.190489 75.058858 199.943630 1.027562 
0.191505 75.066457 200.004558 1.027510 
0.192215 75.056227 200.062294 1.027473 
0.193255 75.061164 200.124119 1.027599 
0.193858 75.065784 200.183035 1.027679 
0.194798 75.064691 200.240769 1.027587 
0.195664 75.056034 200.300946 1.027600 
0.196636 75.066660 200.351837 1.027505 
0.197416 75.060363 200.412523 1.027497 
0.198579 75.067085 200.472069 1.027639 
0.199110 75.057185 200.522238 1.027500 
0.200056 75.061254 200.582846 1.027409 
0.201045 75.067311 200.624088 1.027530 
0.201643 75.064932 200.683857 1.027609 
0.202534 75.058445 200.741438 1.027461 
0.203400 75.065802 200.806887 1.027648 
0.204449 75.063984 200.859517 1.027468 
0.205100 75.066020 200.908370 1.027400 
0.206083 75.059907 200.958705 1.027544 
0.206752 75.053053 201.011514 1.027571 
0.207598 75.062503 201.060704 1.027547 
0.208550 75.060795 201.123802 1.027452 
0.209207 75.063876 201.173148 1.027554 
0.210160 75.064070 201.208833 1.027455 
0.210828 75.063359 201.278816 1.027673 
0.211677 75.058008 201.319053 1.027581 
0.212141 75.046485 201.373607 1.027653 
0.213277 75.054168 201.424318 1.027592 
0.214196 75.056893 201.482587 1.027606 
0.214651 75.061757 201.533544 1.027603 
0.215721 75.066852 201.582986 1.027479 
0.216560 75.059306 201.636804 1.027445 
0.217330 75.072207 201.689548 1.027629 
0.218156 75.070175 201.744557 1.027627 
0.219066 75.069588 201.786181 1.027417 
0.220027 75.072990 201.845774 1.027576 
0.220779 75.071816 201.892957 1.027476 
0.221480 75.075832 201.943578 1.027618 
0.222234 75.083023 201.982375 1.027600 
0.223068 75.079530 202.035803 1.027644 
0.223992 75.079427 202.086185 1.027625 
0.225129 75.080994 202.139656 1.027488 
0.225776 75.084203 202.178871 1.027633 
0.226535 75.090043 202.219947 1.027450 
0.227595 75.087770 202.267121 1.027609 
0.228165 75.084537 202.319602 1.027506 
0.228918 75.082270 202.362930 1.027368 
0.229612 75.087255 202.406882 1.027637 
0.230504 75.080987 202.453279 1.027582 
0.231460 75.085198 202.490372 1.027468 
0.231910 75.085187 202.533894 1.027428 
0.232759 75.078483 202.581433 1.027520 
0.233796 75.069776 202.620920 1.027336 
0.234286 75.072881 202.669631 1.027411 
0.235031 75.072510 202.700117 1.027498 
0.235744 75.077413 202.742486 1.027538 
0.236493 75.063026 202.790652 1.027651 
0.236846 75.062809 202.823076 1.027417 
0.237764 75.055807 202.860433 1.027416 
0.238596 75.066024 202.898731 1.027510 
0.238925 75.064860 202.935501 1.027734 
0.239608 75.066044 202.978244 1.027500 
0.240274 75.060294 203.013562 1.027631 
0.240927 75.066064 203.060096 1.027329 
0.241361 75.064970 203.094291 1.027430 
0.242112 75.060338 203.124078 1.027323 
0.242582 75.063823 203.167712 1.027419 
0.243044 75.068491 203.203480 1.027497 
0.243845 75.073180 203.241152 1.027360 
0.244145 75.074499 203.285482 1.027404 
0.244703 75.079292 203.321459 1.027327 
0.245311 75.077641 203.355846 1.027352 
0.245685 75.080610 203.397490 1.027341 
0.246118 75.082573 203.434884 1.027364 
0.246789 75.092579 203.469287 1.027370 
0.247120 75.079202 203.503606 1.027412 
0.247752 75.082442 203.542063 1.027256 
0.247835 75.080739 203.584545 1.027498 
0.248490 75.086732 203.623525 1.027579 
0.248839 75.077249 203.657026 1.027519 
0.249206 75.081253 203.694068 1.027393 
0.249672 75.082633 203.722837 1.027321 
0.250419 75.074201 203.769797 1.027415 
0.250905 75.076045 203.800363 1.027375 
0.251196 75.068944 203.839364 1.027395 
0.251592 75.067804 203.878934 1.027497 
0.251881 75.068551 203.916381 1.027214 
0.252575 75.071190 203.954233 1.027561 
0.252874 75.070743 203.989595 1.027428 
0.253403 75.064025 204.032820 1.027526 
0.253594 75.063740 204.061283 1.027332 
0.254132 75.065983 204.104484 1.027486 
0.254309 75.061140 204.140035 1.027468 
0.254656 75.066987 204.168089 1.027421 
0.255012 75.070623 204.205669 1.027435 
0.255268 75.066572 204.238002 1.027435 
0.255641 75.067861 204.278782 1.027526 
0.256107 75.065466 204.314676 1.027354 
0.256206 75.073438 204.345655 1.027556 
0.256725 75.074112 204.370556 1.027684 
0.257214 75.075094 204.405582 1.027475 
0.257730 75.069165 204.436962 1.027419 
0.258281 75.074849 204.471232 1.027397 
0.258378 75.069082 204.502989 1.027523 
0.258847 75.070154 204.534171 1.027437 
0.258915 75.071554 204.557747 1.027627 
0.259561 75.069720 204.591156 1.027552 
0.259799 75.075484 204.615007 1.027643 
0.260144 75.065430 204.649899 1.027724 
0.260581 75.065572 204.677111 1.027642 
0.260896 75.076105 204.702831 1.027477 
0.261397 75.078818 204.735261 1.027530 
0.261816 75.074559 204.771727 1.027562 
0.262047 75.071663 204.798776 1.027507 
0.262647 75.074388 204.818690 1.027497 
0.263082 75.082182 204.857755 1.027476 
0.263095 75.085200 204.879244 1.027476 
0.263804 75.083035 204.908445 1.027580 
0.263966 75.091803 204.933757 1.027640 
0.264467 75.094853 204.963623 1.027664 
0.264952 75.096403 204.988954 1.027612 
0.264942 75.100123 205.020335 1.027657 
0.265269 75.100392 205.045339 1.027607 
0.265258 75.105756 205.071350 1.027509 
0.265619 75.102513 205.102067 1.027710 
0.265586 75.110070 205.124854 1.027515 
0.265657 75.098524 205.152473 1.027515 
0.265720 75.109735 205.175738 1.027474 
0.265955 75.111104 205.204499 1.027384 
0.265961 75.106996 205.227962 1.027555 
0.266049 75.103351 205.247187 1.027359 
0.266136 75.109988 205.282746 1.027498 
0.265911 75.111885 205.293776 1.027388 
0.265938 75.114930 205.312664 1.027250 
0.265864 75.113859 205.333842 1.027358 
0.266118 75.115941 205.344842 1.027574 
0.265644 75.126135 205.371973 1.027434 
0.265705 75.126399 205.384286 1.027496 
0.265321 75.125659 205.399125 1.027375 
0.265066 75.129970 205.419465 1.027362 
0.265011 75.129664 205.430613 1.027588 
0.264637 75.136767 205.446856 1.027501 
0.264511 75.140191 205.455472 1.027284 
0.263951 75.147560 205.474839 1.027355 
0.263611 75.141895 205.480568 1.027167 
0.263480 75.142881 205.490880 1.027379 
0.262903 75.141812 205.502392 1.027290 
0.262354 75.137681 205.524531 1.027626 
0.262114 75.134240 205.531128 1.027654 
0.261765 75.152876 205.537523 1.027628 
0.261117 75.145691 205.554154 1.027493 
0.260666 75.140476 205.566572 1.027497 
0.259918 75.140814 205.586020 1.027424 
0.259486 75.147832 205.602833 1.027329 
0.258994 75.139976 205.605287 1.027617 
0.258038 75.142857 205.623660 1.027568 
0.257584 75.130329 205.627041 1.027441 
0.256775 75.133989 205.640956 1.027565 
0.256180 75.133329 205.647683 1.027678 
0.255468 75.129666 205.649662 1.027455 
0.254687 75.127331 205.660423 1.027638 
0.253935 75.125624 205.677208 1.027495 
0.253132 75.132990 205.687448 1.027365 
0.252389 75.132736 205.694861 1.027603 
0.251412 75.126486 205.697210 1.027690 
0.250778 75.129762 205.710018 1.027525 
0.249546 75.130658 205.720613 1.027579 
