0.172722 74.461193 227.130587 1.027704 
0.103307 74.330105 166.826885 1.027437 
0.104281 74.333402 166.758775 1.027439 
0.104972 74.332641 166.689582 1.027237 
0.105986 74.333156 166.633611 1.027339 
0.106569 74.327279 166.558436 1.027600 
0.107493 74.333218 166.501584 1.027511 
0.108375 74.330635 166.436204 1.027532 
0.109337 74.330449 166.372477 1.027403 
0.110172 74.333138 166.308650 1.027476 
0.111072 74.333022 166.242004 1.027402 
0.112007 74.333495 166.193329 1.027406 
0.112783 74.329121 166.128488 1.027318 
0.113821 74.328308 166.073515 1.027567 
0.114528 74.335124 166.011551 1.027336 
0.115366 74.335102 165.952107 1.027300 
0.116236 74.331052 165.896442 1.027486 
0.117409 74.329481 165.831930 1.027408 
0.118178 74.326895 165.783627 1.027624 
0.118958 74.328672 165.730561 1.027442 
0.119847 74.325135 165.674923 1.027278 
0.120854 74.324333 165.626833 1.027343 
0.121770 74.328061 165.577370 1.027383 
0.122560 74.333481 165.514498 1.027394 
0.123316 74.334265 165.463557 1.027511 
0.124214 74.331035 165.406535 1.027355 
0.125320 74.332058 165.356197 1.027441 
0.125659 74.329730 165.311478 1.027427 
0.126929 74.331518 165.256200 1.027153 
0.127540 74.335282 165.200580 1.027175 
0.128330 74.340731 165.159714 1.027350 
0.129238 74.344098 165.104254 1.027110 
0.130095 74.348663 165.049072 1.027234 
0.130777 74.360339 165.001037 1.027446 
0.131445 74.354691 164.949277 1.027413 
0.132364 74.361112 164.896758 1.027502 
0.133164 74.356035 164.847063 1.027418 
0.133926 74.364814 164.800112 1.027393 
0.134577 74.361710 164.738925 1.027529 
0.135432 74.365083 164.690032 1.027635 
0.136126 74.371309 164.632972 1.027378 
0.137098 74.379490 164.590781 1.027433 
0.137927 74.374796 164.527200 1.027524 
0.138434 74.370295 164.476963 1.027332 
0.139119 74.374470 164.426446 1.027482 
0.140110 74.371347 164.372570 1.027481 
0.140974 74.368287 164.316938 1.027712 
0.141574 74.380265 164.276313 1.027572 
0.142333 74.373580 164.221133 1.027512 
0.143209 74.378697 164.171639 1.027547 
0.143938 74.375361 164.127198 1.027499 
0.144679 74.381489 164.078583 1.027561 
0.145667 74.379941 164.026388 1.027572 
0.146059 74.381200 163.975603 1.027437 
0.146991 74.381006 163.923400 1.027631 
0.147881 74.382899 163.878803 1.027551 
0.148364 74.381211 163.824069 1.027637 
0.149201 74.374437 163.780203 1.027800 
0.149959 74.372253 163.731844 1.027472 
0.150448 74.378123 163.685920 1.027443 
0.151269 74.375972 163.642581 1.027616 
0.151888 74.379647 163.589859 1.027583 
0.152376 74.367081 163.540519 1.027690 
0.153313 74.368009 163.491816 1.027635 
0.154101 74.375440 163.445953 1.027491 
0.154501 74.368401 163.394393 1.027392 
0.155196 74.371810 163.348769 1.027578 
0.156021 74.376390 163.303149 1.027552 
0.156623 74.369847 163.254380 1.027537 
0.157403 74.369167 163.210404 1.027473 
0.157773 74.371823 163.167693 1.027543 
0.158435 74.368977 163.122395 1.027529 
0.158841 74.362752 163.074991 1.027701 
0.159569 74.362461 163.026997 1.027670 
0.159866 74.359262 162.986798 1.027556 
0.160597 74.353081 162.938725 1.027597 
0.160899 74.363627 162.894864 1.027634 
0.161610 74.360638 162.844681 1.027657 
0.161554 74.362059 162.795464 1.027507 
0.162198 74.357881 162.751993 1.027715 
0.162676 74.356011 162.698999 1.027680 
0.162996 74.360011 162.667323 1.027770 
0.163578 74.357392 162.614413 1.027582 
0.163705 74.359061 162.562495 1.027495 
0.164416 74.359410 162.509551 1.027586 
0.164427 74.368569 162.472925 1.027496 
0.164854 74.359268 162.417529 1.027435 
0.165007 74.361358 162.366334 1.027636 
0.165306 74.358097 162.317543 1.027363 
0.165597 74.357168 162.270336 1.027440 
0.165763 74.357402 162.231740 1.027652 
0.166123 74.365888 162.185657 1.027538 
0.166364 74.362122 162.147714 1.027700 
0.166483 74.366618 162.098979 1.027521 
0.166639 74.364035 162.052688 1.027539 
0.166991 74.361272 162.011676 1.027752 
0.166980 74.371621 161.975157 1.027725 
0.166976 74.373774 161.934390 1.027577 
0.167175 74.366307 161.890070 1.027604 
0.167430 74.367771 161.846772 1.027562 
0.167232 74.370430 161.815422 1.027602 
0.167483 74.364636 161.782469 1.027441 
0.167361 74.359389 161.735086 1.027756 
0.167572 74.369044 161.694832 1.027477 
0.167821 74.368003 161.665080 1.027538 
0.167557 74.365793 161.630296 1.027431 
0.167785 74.372492 161.591255 1.027607 
0.167791 74.376125 161.554664 1.027332 
0.167494 74.382512 161.525214 1.027466 
0.167587 74.376976 161.480242 1.027372 
0.167462 74.379150 161.446210 1.027459 
0.167376 74.378124 161.410539 1.027526 
0.167336 74.385693 161.380875 1.027665 
0.167275 74.375768 161.337718 1.027693 
0.167100 74.376952 161.300979 1.027495 
0.166983 74.376175 161.273953 1.027523 
0.166991 74.373631 161.240751 1.027653 
0.166966 74.366079 161.213621 1.027470 
0.166989 74.371203 161.181759 1.027389 
0.166621 74.364466 161.144001 1.027416 
0.166767 74.372927 161.115187 1.027563 
0.166750 74.371357 161.088285 1.027619 
0.166562 74.365219 161.060116 1.027518 
0.166335 74.364977 161.018165 1.027448 
0.166287 74.364136 160.980724 1.027594 
0.166014 74.373901 160.954826 1.027463 
0.165756 74.374901 160.922742 1.027639 
0.165369 74.370547 160.892468 1.027607 
0.165333 74.374724 160.863978 1.027624 
0.164803 74.372423 160.829545 1.027691 
0.164690 74.373783 160.798064 1.027644 
0.164243 74.366100 160.761545 1.027618 
0.164176 74.379902 160.744531 1.027523 
0.163476 74.372168 160.708163 1.027653 
0.163381 74.373435 160.670671 1.027384 
0.163118 74.381097 160.640828 1.027595 
0.162693 74.383632 160.613531 1.027492 
0.162575 74.380357 160.578826 1.027510 
0.161867 74.377494 160.546931 1.027537 
0.161843 74.381270 160.514907 1.027532 
0.161356 74.388665 160.493409 1.027669 
0.161310 74.384565 160.451268 1.027528 
0.160497 74.374282 160.426072 1.027679 
0.160316 74.380491 160.394042 1.027628 
0.159888 74.382007 160.375625 1.027555 
0.159732 74.379855 160.340553 1.027403 
0.159014 74.373865 160.316295 1.027284 
0.158885 74.377604 160.291424 1.027493 
0.158062 74.376078 160.266320 1.027500 
0.157719 74.368948 160.237360 1.027834 
0.157576 74.370991 160.201789 1.027680 
0.156891 74.370730 160.170938 1.027708 
0.156319 74.362752 160.138126 1.027599 
0.155865 74.364123 160.120341 1.027583 
0.155160 74.360052 160.092966 1.027470 
0.154773 74.352777 160.054958 1.027720 
0.154229 74.343602 160.025005 1.027663 
0.153483 74.336897 159.993446 1.027553 
0.153045 74.334543 159.965718 1.027601 
0.152074 74.335257 159.933316 1.027510 
0.151768 74.330803 159.906932 1.027578 
0.150988 74.322605 159.876921 1.027462 
0.150222 74.318757 159.845610 1.027651 
0.149629 74.317723 159.808132 1.027550 
0.148981 74.318664 159.786322 1.027688 
0.148303 74.312989 159.757967 1.027630 
0.147689 74.312861 159.731944 1.027659 
0.147042 74.312020 159.699860 1.027638 
0.146669 74.303878 159.679664 1.027622 
0.145676 74.301658 159.654792 1.027596 
0.145224 74.305567 159.621233 1.027418 
0.144320 74.305085 159.592627 1.027564 
0.143635 74.297076 159.571948 1.027642 
0.142959 74.293741 159.544805 1.027541 
0.142319 74.295821 159.518113 1.027586 
0.141727 74.293867 159.485650 1.027409 
0.141018 74.282249 159.457992 1.027434 
0.140111 74.275975 159.434323 1.027485 
0.139545 74.282510 159.401451 1.027615 
0.138583 74.281248 159.385112 1.027569 
0.138007 74.273881 159.359253 1.027725 
0.137159 74.272851 159.328263 1.027324 
0.136711 74.277508 159.299771 1.027648 
0.135910 74.271393 159.277649 1.027667 
0.134877 74.265364 159.251989 1.027544 
0.134541 74.269113 159.225896 1.027441 
0.133585 74.263590 159.186799 1.027531 
0.133114 74.269196 159.161608 1.027489 
0.132233 74.261470 159.126084 1.027501 
0.131311 74.251505 159.103198 1.027528 
0.130656 74.256498 159.071777 1.027454 
0.130028 74.253954 159.042195 1.027457 
0.129400 74.261154 159.019132 1.027446 
0.128740 74.259080 158.988375 1.027676 
0.127883 74.256367 158.954777 1.027634 
0.127051 74.253202 158.930865 1.027438 
0.126226 74.251758 158.901182 1.027602 
0.125375 74.244628 158.867728 1.027527 
0.124530 74.249420 158.845513 1.027424 
0.123725 74.244347 158.819675 1.027465 
