0.214926 74.476522 180.374259 1.027527 
0.288437 74.390651 220.489108 1.027630 
0.288920 74.388980 220.540811 1.027725 
0.289273 74.392035 220.604475 1.027825 
0.289435 74.394056 220.654118 1.027655 
0.289742 74.394958 220.709027 1.027724 
0.289826 74.394640 220.771195 1.027697 
0.290026 74.395431 220.819705 1.027581 
0.290219 74.386189 220.867595 1.027714 
0.290655 74.388985 220.925640 1.027695 
0.290737 74.396320 220.978298 1.027577 
0.290900 74.387093 221.030277 1.027669 
0.290977 74.387438 221.073169 1.027687 
0.291389 74.395165 221.126907 1.027679 
0.291401 74.388501 221.179867 1.027733 
0.291591 74.397925 221.236665 1.027714 
0.291710 74.390548 221.289507 1.027715 
0.291979 74.390868 221.339935 1.027583 
0.291971 74.389090 221.389938 1.027667 
0.291969 74.395066 221.438132 1.027781 
0.292277 74.393082 221.489338 1.027855 
0.292093 74.387773 221.548593 1.027549 
0.292163 74.384241 221.596791 1.027558 
0.292472 74.385244 221.644474 1.027678 
0.292465 74.386609 221.692499 1.027824 
0.292310 74.382977 221.737794 1.027726 
0.292620 74.384627 221.787670 1.027716 
0.292813 74.379242 221.828853 1.027697 
0.293002 74.382571 221.872073 1.027542 
0.292863 74.389019 221.923357 1.027556 
0.293046 74.392665 221.968333 1.027664 
0.292969 74.391915 222.013243 1.027664 
0.293162 74.393256 222.059348 1.027650 
0.293333 74.396516 222.102110 1.027389 
0.293183 74.385144 222.145265 1.027540 
0.293098 74.386484 222.188299 1.027501 
0.293039 74.388078 222.226596 1.027566 
0.293264 74.393477 222.274876 1.027678 
0.293210 74.401777 222.317433 1.027449 
0.293011 74.398902 222.362816 1.027574 
0.292839 74.412311 222.398888 1.027591 
0.292915 74.408463 222.441626 1.027598 
0.292721 74.405712 222.480247 1.027684 
0.292325 74.408605 222.525624 1.027583 
0.292561 74.409659 222.558623 1.027660 
0.292355 74.407903 222.596605 1.027678 
0.291838 74.400036 222.635316 1.027504 
0.292013 74.408466 222.667622 1.027503 
0.291616 74.411837 222.697624 1.027323 
0.291409 74.409697 222.736533 1.027675 
0.291061 74.406473 222.774018 1.027516 
0.291168 74.408500 222.804731 1.027670 
0.290583 74.412040 222.833437 1.027485 
0.290455 74.412583 222.873911 1.027651 
0.290055 74.418751 222.908147 1.027736 
0.289671 74.413251 222.929077 1.027690 
0.289083 74.417772 222.973006 1.027694 
0.288984 74.412315 223.005970 1.027641 
0.288659 74.408457 223.038719 1.027704 
0.287924 74.412456 223.073412 1.027679 
0.287438 74.409958 223.107110 1.027620 
0.287117 74.401475 223.145767 1.027696 
0.286695 74.409332 223.184768 1.027530 
0.286176 74.408945 223.220811 1.027713 
0.285531 74.409957 223.245598 1.027637 
0.285433 74.417365 223.289662 1.027801 
0.284751 74.409485 223.334253 1.027698 
0.284390 74.414089 223.358036 1.027618 
0.283851 74.404654 223.392203 1.027555 
0.283195 74.401731 223.428954 1.027631 
0.282825 74.393168 223.461251 1.027466 
0.282227 74.397578 223.491760 1.027634 
0.281786 74.393910 223.521113 1.027653 
0.281387 74.392863 223.556401 1.027134 
0.280696 74.396689 223.588316 1.027502 
0.280268 74.401476 223.632875 1.027513 
0.279989 74.387258 223.654978 1.027471 
0.279326 74.396849 223.683387 1.027663 
0.278506 74.398731 223.724829 1.027734 
0.278238 74.406542 223.743159 1.027687 
0.277552 74.397761 223.785915 1.027719 
0.277449 74.401529 223.818795 1.027781 
0.276659 74.402742 223.852575 1.027694 
0.276214 74.400500 223.894616 1.027700 
0.275248 74.397058 223.928561 1.027712 
0.274876 74.405893 223.956779 1.027674 
0.274186 74.410331 224.005791 1.027723 
0.273392 74.402577 224.032645 1.027496 
0.272608 74.410287 224.069356 1.027699 
0.272052 74.411951 224.105982 1.027844 
0.270924 74.420195 224.150258 1.027859 
0.270188 74.420214 224.184636 1.027629 
0.269410 74.418005 224.219934 1.027555 
0.268627 74.415186 224.255435 1.027635 
0.267714 74.423792 224.296130 1.027628 
0.267061 74.426293 224.328768 1.027610 
0.266050 74.425978 224.372827 1.027751 
0.265391 74.424634 224.403010 1.027659 
0.264256 74.421916 224.437692 1.027566 
0.263588 74.424005 224.471760 1.027674 
0.262930 74.425154 224.511312 1.027710 
0.261841 74.422215 224.546071 1.027780 
0.261046 74.420427 224.575667 1.027748 
0.260262 74.417700 224.609602 1.027589 
0.259628 74.433639 224.639456 1.027632 
0.258413 74.430647 224.676742 1.027705 
0.257682 74.428878 224.715188 1.027689 
0.256844 74.433795 224.747333 1.027521 
0.256000 74.429305 224.777749 1.027440 
0.255518 74.440224 224.805044 1.027455 
0.254373 74.439442 224.838865 1.027391 
0.253672 74.433458 224.872398 1.027558 
0.252817 74.441444 224.903257 1.027522 
0.251873 74.442600 224.929602 1.027548 
0.251327 74.434929 224.965443 1.027439 
0.250339 74.437009 224.991185 1.027497 
0.249361 74.442396 225.018367 1.027555 
0.248756 74.439011 225.049091 1.027647 
0.247754 74.451127 225.069829 1.027632 
0.246981 74.448993 225.112122 1.027642 
0.246343 74.446597 225.132518 1.027652 
0.245430 74.442911 225.156296 1.027724 
0.244548 74.444867 225.192717 1.027539 
0.243563 74.446125 225.222447 1.027726 
0.242622 74.448837 225.248594 1.027556 
0.242178 74.448475 225.275542 1.027504 
0.241122 74.447794 225.304949 1.027543 
0.239872 74.441717 225.330333 1.027549 
0.239665 74.443011 225.350607 1.027567 
0.238625 74.450702 225.384467 1.027609 
0.237769 74.440111 225.406493 1.027675 
0.237164 74.440261 225.439130 1.027720 
0.235916 74.450275 225.456632 1.027597 
0.234921 74.447409 225.479557 1.027665 
0.234352 74.444169 225.504008 1.027504 
0.233553 74.443311 225.526787 1.027743 
0.232355 74.450602 225.557037 1.027504 
0.231675 74.446742 225.574070 1.027627 
0.230746 74.447539 225.582122 1.027450 
0.230074 74.439305 225.612233 1.027574 
0.229002 74.442486 225.633123 1.027701 
0.227743 74.441944 225.643831 1.027721 
0.226800 74.441972 225.666722 1.027671 
0.226205 74.443961 225.681916 1.027700 
0.225021 74.445362 225.699213 1.027504 
0.224070 74.437948 225.716691 1.027529 
0.223262 74.444865 225.734937 1.027522 
0.221870 74.443969 225.751184 1.027394 
0.220995 74.442924 225.770225 1.027535 
0.220220 74.441339 225.776819 1.027529 
0.219013 74.444799 225.800184 1.027650 
0.218191 74.446752 225.813672 1.027504 
0.217046 74.442575 225.849690 1.027537 
0.216113 74.442328 225.869267 1.027581 
0.215243 74.442736 225.895839 1.027490 
0.214141 74.440805 225.918106 1.027490 
0.213179 74.446234 225.937623 1.027539 
0.212289 74.446673 225.961814 1.027598 
0.211217 74.454146 225.988668 1.027699 
0.210136 74.440145 226.009011 1.027844 
0.209162 74.441018 226.027473 1.027717 
0.208193 74.447006 226.056230 1.027605 
0.207231 74.446465 226.082225 1.027773 
0.206110 74.443872 226.100660 1.027692 
0.205238 74.450766 226.136215 1.027861 
0.204554 74.451003 226.169114 1.027636 
0.203740 74.456208 226.197243 1.027701 
0.202660 74.452185 226.222348 1.027586 
0.201760 74.449962 226.255384 1.027552 
0.200723 74.452710 226.284296 1.027469 
0.199957 74.450131 226.307644 1.027776 
0.199075 74.444900 226.335392 1.027661 
0.198021 74.447395 226.354941 1.027712 
0.197235 74.451532 226.389620 1.027603 
0.196462 74.448484 226.415316 1.027488 
0.194948 74.446391 226.446186 1.027548 
0.194396 74.454439 226.472537 1.027426 
0.193471 74.450302 226.505286 1.027497 
0.192432 74.448200 226.531525 1.027685 
0.191491 74.445384 226.563229 1.027726 
0.190603 74.453434 226.587847 1.027702 
0.189604 74.444965 226.625465 1.027774 
0.188657 74.442829 226.650797 1.027768 
0.187762 74.441379 226.681928 1.027622 
0.187157 74.445448 226.705197 1.027764 
0.185753 74.450409 226.746949 1.027938 
0.185242 74.450466 226.767763 1.027702 
0.184431 74.449252 226.793716 1.027661 
0.183242 74.448352 226.824151 1.027736 
0.182444 74.446618 226.853751 1.027775 
0.181479 74.452812 226.880477 1.027749 
0.180658 74.451880 226.900868 1.027606 
0.179514 74.451308 226.933801 1.027727 
0.178697 74.449250 226.965746 1.027715 
0.177921 74.452513 226.992890 1.027609 
0.176942 74.444667 227.016056 1.027485 
0.176011 74.450933 227.033761 1.027662 
0.175218 74.449495 227.055346 1.027657 
0.174318 74.449394 227.082679 1.027392 
0.173336 74.459632 227.107031 1.027720 
