0.126264 75.187108 170.283684 1.027759 
0.125571 75.193203 170.116487 1.027440 
0.124842 75.192030 169.947518 1.027602 
0.124368 75.184931 169.787850 1.027502 
0.123593 75.187804 169.616819 1.027698 
0.122832 75.186414 169.457653 1.027607 
0.121831 75.184447 169.304575 1.027502 
0.121055 75.181363 169.137078 1.027546 
0.120270 75.176486 168.977612 1.027610 
0.119461 75.174247 168.812908 1.027531 
0.118911 75.173554 168.652745 1.027704 
0.117934 75.170760 168.499718 1.027634 
0.117326 75.165594 168.339513 1.027507 
0.116561 75.163204 168.181540 1.027370 
0.115651 75.170605 168.024582 1.027592 
0.114759 75.164690 167.867338 1.027501 
0.114101 75.162825 167.717828 1.027295 
0.113251 75.162399 167.555151 1.027369 
0.112531 75.152496 167.412976 1.027334 
0.111726 75.146036 167.259484 1.027511 
0.110743 75.154943 167.102942 1.027455 
0.110100 75.148085 166.955548 1.027555 
0.109159 75.143199 166.807305 1.027557 
0.108387 75.144980 166.655932 1.027550 
0.107488 75.137425 166.504323 1.027592 
0.106691 75.139268 166.358241 1.027533 
0.105790 75.129304 166.211875 1.027507 
0.104976 75.121877 166.068013 1.027584 
0.104277 75.133463 165.917720 1.027631 
0.103372 75.119390 165.770997 1.027498 
0.102431 75.127779 165.623425 1.027461 
0.101628 75.117087 165.476086 1.027536 
0.100878 75.115471 165.339865 1.027498 
0.100148 75.124233 165.191271 1.027691 
0.099229 75.127628 165.047882 1.027551 
0.098476 75.123322 164.916578 1.027173 
0.097657 75.120871 164.767391 1.027298 
0.096769 75.125199 164.628370 1.027267 
0.095927 75.121278 164.491447 1.027186 
0.094938 75.120495 164.364294 1.027448 
0.094365 75.118408 164.219918 1.027337 
0.093201 75.119306 164.090978 1.027340 
0.092403 75.120071 163.956480 1.027522 
0.091851 75.115018 163.820249 1.027472 
0.090836 75.112690 163.697674 1.027267 
0.089934 75.111708 163.563824 1.027431 
0.089186 75.118166 163.429768 1.027462 
0.088522 75.117891 163.299600 1.027440 
0.087433 75.113979 163.174745 1.027659 
0.087014 75.117825 163.042687 1.027447 
0.086347 75.112068 162.912786 1.027523 
0.085487 75.111281 162.793556 1.027606 
0.084928 75.109055 162.659332 1.027318 
0.084254 75.113460 162.543522 1.027465 
0.083618 75.112516 162.414883 1.027558 
0.083023 75.115842 162.294688 1.027364 
0.082281 75.113324 162.171324 1.027348 
0.081845 75.113981 162.050835 1.027469 
0.081105 75.111204 161.923358 1.027436 
0.080535 75.114599 161.806040 1.027419 
0.079722 75.109349 161.682545 1.027547 
0.079264 75.107858 161.562822 1.027443 
0.078445 75.114171 161.442174 1.027309 
0.078119 75.112504 161.326250 1.027497 
0.077744 75.099449 161.208885 1.027426 
0.077024 75.097574 161.083886 1.027340 
0.076591 75.104165 160.963416 1.027343 
0.076047 75.096665 160.846738 1.027578 
0.075575 75.097556 160.729362 1.027547 
0.075143 75.092541 160.610989 1.027409 
0.074585 75.091128 160.489301 1.027393 
0.074070 75.090037 160.385093 1.027491 
0.073598 75.090492 160.267608 1.027439 
0.073124 75.090021 160.157131 1.027449 
0.072499 75.092740 160.049155 1.027341 
0.072020 75.088010 159.928910 1.027448 
0.071514 75.095734 159.822912 1.027452 
0.071026 75.095521 159.699452 1.027218 
0.070524 75.096295 159.591547 1.027332 
0.070223 75.095296 159.479107 1.027458 
0.069575 75.105821 159.375827 1.027444 
0.069101 75.100516 159.260889 1.027490 
0.068769 75.099290 159.153723 1.027594 
0.068342 75.101663 159.039851 1.027395 
0.067944 75.100654 158.917516 1.027368 
0.067675 75.104347 158.807173 1.027431 
0.067095 75.107666 158.702217 1.027381 
0.067268 75.106509 158.588185 1.027422 
0.066680 75.104733 158.475217 1.027503 
0.066564 75.107692 158.378731 1.027560 
0.066330 75.104683 158.270632 1.027433 
0.066200 75.100174 158.165080 1.027579 
0.066013 75.098555 158.056834 1.027632 
0.065876 75.101601 157.957367 1.027366 
0.065921 75.100820 157.854510 1.027383 
0.065755 75.101763 157.755945 1.027567 
0.065814 75.097536 157.655334 1.027528 
0.065797 75.108442 157.543919 1.027435 
0.065709 75.107069 157.452910 1.027384 
0.065670 75.105731 157.349969 1.027399 
0.065886 75.113330 157.244898 1.027430 
0.065918 75.113080 157.150181 1.027626 
0.065900 75.100863 157.050482 1.027368 
0.066319 75.110374 156.960567 1.027524 
0.066006 75.109998 156.865901 1.027413 
0.066445 75.110711 156.763468 1.027523 
0.066450 75.110718 156.664155 1.027377 
0.066749 75.108394 156.572880 1.027615 
0.066934 75.113923 156.482261 1.027380 
0.067194 75.120340 156.382822 1.027530 
0.067374 75.114957 156.287200 1.027589 
0.067783 75.114340 156.190686 1.027441 
0.067945 75.118387 156.109853 1.027503 
0.068493 75.118294 156.005210 1.027369 
0.069059 75.117014 155.913242 1.027605 
0.069052 75.123210 155.827329 1.027483 
0.069547 75.120056 155.731580 1.027403 
0.069939 75.125156 155.640802 1.027369 
0.070146 75.112758 155.546115 1.027194 
0.070826 75.121501 155.458769 1.027216 
0.071273 75.125995 155.369069 1.027396 
0.071526 75.126117 155.290640 1.027521 
0.072329 75.127924 155.196035 1.027352 
0.072625 75.127578 155.119194 1.027641 
0.073079 75.129951 155.018247 1.027570 
0.073830 75.124147 154.931876 1.027573 
0.074395 75.132856 154.843560 1.027574 
0.075075 75.132718 154.755803 1.027329 
0.075247 75.130019 154.671660 1.027513 
0.076016 75.139720 154.589241 1.027496 
0.076583 75.136969 154.497877 1.027303 
0.077156 75.140673 154.420306 1.027271 
0.077720 75.130181 154.334374 1.027496 
0.078157 75.136904 154.246876 1.027475 
0.079054 75.134602 154.170494 1.027443 
0.079630 75.133546 154.093382 1.027390 
0.080161 75.135611 154.005310 1.027301 
0.080791 75.131616 153.916827 1.027584 
0.081500 75.132396 153.841568 1.027411 
0.082078 75.134437 153.756155 1.027702 
0.082953 75.129830 153.677134 1.027747 
0.083321 75.135340 153.593661 1.027515 
0.084269 75.129418 153.513952 1.027555 
0.084865 75.139107 153.431003 1.027710 
0.085416 75.131797 153.352678 1.027494 
0.086375 75.132211 153.273340 1.027538 
0.087032 75.130573 153.193798 1.027398 
0.087675 75.136379 153.114850 1.027397 
0.088629 75.132573 153.035122 1.027299 
0.089074 75.132437 152.965737 1.027387 
0.089896 75.128272 152.888795 1.027202 
0.090664 75.128507 152.815352 1.027162 
0.091507 75.118015 152.744617 1.027468 
0.092112 75.124357 152.676988 1.027429 
0.092596 75.123140 152.596435 1.027463 
0.093376 75.113969 152.522501 1.027510 
0.094215 75.114712 152.449953 1.027467 
0.094778 75.112243 152.378493 1.027501 
0.095657 75.122387 152.307944 1.027617 
0.096211 75.115097 152.232077 1.027429 
0.096784 75.108600 152.159152 1.027644 
0.097646 75.107615 152.093484 1.027362 
0.098210 75.108471 152.018085 1.027258 
0.098511 75.107395 151.950076 1.027451 
0.099443 75.111305 151.878033 1.027492 
0.099976 75.110741 151.805073 1.027401 
0.100613 75.116100 151.733319 1.027499 
0.101451 75.119143 151.662592 1.027421 
0.101871 75.115362 151.591009 1.027443 
0.102912 75.113836 151.525997 1.027274 
0.103462 75.115741 151.455008 1.027309 
0.104309 75.111645 151.381381 1.027420 
0.105155 75.118891 151.317126 1.027585 
0.105643 75.115960 151.244226 1.027508 
0.106581 75.121564 151.184879 1.027457 
0.107637 75.111524 151.116410 1.027417 
0.108413 75.118095 151.046265 1.027637 
0.109220 75.127047 150.977093 1.027608 
0.109933 75.128551 150.919015 1.027283 
0.110875 75.122265 150.850255 1.027468 
0.111740 75.121882 150.781777 1.027303 
0.112544 75.132636 150.722082 1.027490 
0.113259 75.131743 150.655644 1.027463 
0.114095 75.125394 150.593521 1.027550 
0.114909 75.118929 150.517414 1.027423 
0.115989 75.128656 150.454678 1.027428 
0.116866 75.129312 150.385228 1.027615 
0.117636 75.128713 150.324882 1.027442 
0.118565 75.127876 150.265010 1.027355 
0.119077 75.136928 150.199085 1.027472 
0.120058 75.131744 150.137676 1.027359 
0.120877 75.134484 150.069655 1.027392 
0.121543 75.128872 150.012919 1.027348 
0.122165 75.130529 149.949599 1.027468 
0.122895 75.132528 149.886629 1.027328 
0.123706 75.124270 149.827729 1.027376 
0.124294 75.132014 149.768541 1.027386 
0.125050 75.128793 149.712529 1.027369 
0.125973 75.134419 149.647769 1.027312 
0.126791 75.121501 149.591007 1.027383 
