0.172087 74.612608 215.788172 1.027429 
0.151542 74.720947 167.600574 1.027868 
0.152368 74.719839 167.483466 1.027661 
0.152854 74.719082 167.355267 1.027453 
0.153707 74.718164 167.223558 1.027437 
0.154287 74.717303 167.081803 1.027590 
0.154987 74.718529 166.969807 1.027426 
0.155487 74.720262 166.845545 1.027591 
0.156091 74.716345 166.723326 1.027511 
0.156942 74.712533 166.596080 1.027667 
0.157569 74.712845 166.475309 1.027743 
0.157895 74.710859 166.344144 1.027705 
0.158837 74.709939 166.230381 1.027487 
0.159330 74.705123 166.103831 1.027637 
0.160185 74.707507 165.991271 1.027567 
0.160637 74.708654 165.871366 1.027556 
0.161572 74.708605 165.748504 1.027530 
0.162225 74.709648 165.635737 1.027848 
0.162752 74.703732 165.512752 1.027439 
0.163416 74.693976 165.395306 1.027584 
0.164023 74.698405 165.279166 1.027584 
0.164628 74.715135 165.167239 1.027440 
0.165352 74.710048 165.053077 1.027625 
0.166155 74.709123 164.941416 1.027478 
0.166769 74.722352 164.829514 1.027469 
0.167522 74.715496 164.716446 1.027434 
0.168083 74.716957 164.607551 1.027586 
0.168798 74.718151 164.491836 1.027480 
0.169383 74.717952 164.382650 1.027596 
0.170095 74.720735 164.272193 1.027530 
0.170631 74.724526 164.158706 1.027369 
0.171313 74.719373 164.054628 1.027528 
0.171849 74.717127 163.944065 1.027271 
0.172270 74.719186 163.836762 1.027513 
0.172941 74.720940 163.726766 1.027533 
0.173237 74.719927 163.617179 1.027366 
0.173816 74.705688 163.503880 1.027523 
0.174362 74.713290 163.405431 1.027515 
0.174754 74.714029 163.291187 1.027521 
0.175466 74.713466 163.181804 1.027467 
0.175652 74.718353 163.076674 1.027493 
0.176348 74.708493 162.976194 1.027509 
0.176725 74.712748 162.856203 1.027599 
0.177210 74.713477 162.753364 1.027410 
0.177740 74.706038 162.647925 1.027572 
0.178228 74.713737 162.548488 1.027369 
0.178339 74.708863 162.443560 1.027528 
0.179259 74.708514 162.331529 1.027589 
0.179359 74.701131 162.242818 1.027542 
0.179491 74.703222 162.133059 1.027503 
0.180072 74.696528 162.027410 1.027365 
0.180164 74.703343 161.929662 1.027570 
0.180342 74.707441 161.830088 1.027421 
0.180641 74.698575 161.728445 1.027376 
0.180809 74.699076 161.632336 1.027198 
0.180926 74.698804 161.537357 1.027383 
0.181047 74.702393 161.441643 1.027464 
0.181256 74.693042 161.344600 1.027365 
0.181368 74.697682 161.248448 1.027399 
0.181440 74.696913 161.153124 1.027180 
0.181512 74.702078 161.064832 1.027317 
0.181448 74.689861 160.970402 1.027645 
0.181355 74.695738 160.872313 1.027948 
0.181544 74.692199 160.781648 1.027360 
0.181600 74.689199 160.682159 1.027507 
0.181553 74.681957 160.595754 1.027396 
0.181641 74.689966 160.502384 1.027503 
0.181379 74.679703 160.413184 1.027451 
0.181440 74.673197 160.324700 1.027513 
0.181454 74.675295 160.235129 1.027543 
0.181307 74.674031 160.156925 1.027400 
0.180964 74.675403 160.059255 1.027368 
0.180887 74.678790 159.972359 1.027463 
0.180674 74.671256 159.883442 1.027439 
0.180362 74.677494 159.801528 1.027405 
0.180352 74.677256 159.709882 1.027428 
0.179881 74.678904 159.623214 1.027326 
0.179703 74.676278 159.542216 1.027254 
0.179456 74.685291 159.458243 1.027441 
0.179283 74.677315 159.371067 1.027420 
0.179015 74.682574 159.287925 1.027338 
0.178905 74.684895 159.201550 1.027378 
0.178487 74.684552 159.116567 1.027267 
0.178061 74.691100 159.030470 1.027342 
0.177794 74.687272 158.949804 1.027160 
0.177554 74.691618 158.866938 1.027271 
0.177262 74.691781 158.785745 1.027565 
0.176815 74.686176 158.700553 1.027388 
0.176488 74.685830 158.609390 1.027490 
0.176251 74.685030 158.534515 1.027441 
0.175816 74.683276 158.447656 1.027414 
0.175462 74.684139 158.376231 1.027470 
0.175093 74.685530 158.306006 1.027084 
0.174749 74.685126 158.217346 1.027250 
0.174214 74.683287 158.142201 1.027231 
0.173685 74.685789 158.069449 1.027228 
0.173244 74.699864 157.983414 1.027395 
0.172412 74.694290 157.903020 1.027315 
0.171934 74.699460 157.826879 1.027329 
0.171431 74.694013 157.747056 1.027265 
0.170504 74.690795 157.675838 1.027437 
0.169651 74.685491 157.606956 1.027637 
0.169273 74.688134 157.520552 1.027500 
0.168308 74.685531 157.447030 1.027560 
0.167750 74.682655 157.377439 1.027510 
0.166941 74.680181 157.298296 1.027450 
0.166183 74.677096 157.221894 1.027409 
0.165182 74.678269 157.148890 1.027329 
0.164645 74.677136 157.075582 1.027199 
0.163673 74.675437 157.003499 1.027409 
0.163051 74.679354 156.930814 1.027602 
0.162277 74.672948 156.856724 1.027416 
0.161356 74.672652 156.791189 1.027358 
0.160458 74.660213 156.715379 1.027201 
0.159740 74.650750 156.640244 1.027292 
0.159062 74.655001 156.573479 1.027514 
0.158214 74.655737 156.503712 1.027499 
0.157349 74.654709 156.430729 1.027498 
0.156520 74.654094 156.361800 1.027270 
0.155402 74.653323 156.289565 1.027334 
0.154901 74.650277 156.224281 1.027333 
0.153908 74.652614 156.153794 1.027421 
0.152990 74.652623 156.084008 1.027441 
0.152207 74.654597 156.010478 1.027358 
0.151143 74.661769 155.946396 1.027287 
0.150537 74.658852 155.870362 1.027480 
0.149511 74.655894 155.807907 1.027674 
0.148347 74.651499 155.734304 1.027706 
0.147671 74.647041 155.667623 1.027362 
0.146554 74.655961 155.603699 1.027485 
0.145743 74.663283 155.538902 1.027652 
0.144897 74.656728 155.463575 1.027429 
0.143657 74.656647 155.388100 1.027631 
0.142759 74.660734 155.330671 1.027605 
0.141501 74.664218 155.264478 1.027512 
0.140467 74.662955 155.189365 1.027627 
0.139403 74.660028 155.134065 1.027520 
0.138057 74.659052 155.058745 1.027499 
0.137135 74.661479 154.999341 1.027669 
0.135707 74.659995 154.934768 1.027401 
0.134575 74.663962 154.869400 1.027474 
0.133574 74.658385 154.809377 1.027504 
0.132431 74.655649 154.745025 1.027281 
0.131212 74.651796 154.678973 1.027370 
0.129831 74.653081 154.619885 1.027461 
0.128697 74.658213 154.557659 1.027516 
0.127289 74.659996 154.498804 1.027661 
0.125963 74.654624 154.437189 1.027485 
0.124819 74.659279 154.373871 1.027423 
0.123623 74.663375 154.315174 1.027529 
0.122356 74.661792 154.249024 1.027341 
0.121084 74.656548 154.195985 1.027584 
0.120063 74.661922 154.133696 1.027482 
0.118678 74.663216 154.072222 1.027473 
0.117398 74.659779 154.015556 1.027414 
0.116494 74.656735 153.954378 1.027469 
0.115081 74.663509 153.894831 1.027344 
0.113758 74.660342 153.839045 1.027468 
0.112710 74.667049 153.780213 1.027318 
0.111486 74.669646 153.720433 1.027448 
0.110201 74.666467 153.661237 1.027395 
0.109196 74.668964 153.604612 1.027354 
0.107828 74.659957 153.545152 1.027453 
0.106918 74.666342 153.484677 1.027448 
0.105504 74.661759 153.427229 1.027450 
0.104199 74.673665 153.370897 1.027366 
0.103118 74.670157 153.314863 1.027398 
0.102014 74.683890 153.261949 1.027406 
0.100975 74.680093 153.201657 1.027355 
0.099309 74.677464 153.146567 1.027602 
0.098484 74.673868 153.095071 1.027501 
0.097163 74.682766 153.041352 1.027522 
0.096195 74.683002 152.990491 1.027563 
0.095071 74.685843 152.927584 1.027484 
0.093847 74.687662 152.880749 1.027506 
0.092807 74.684240 152.826394 1.027671 
0.091871 74.685850 152.776573 1.027553 
0.090720 74.689723 152.721685 1.027565 
0.089616 74.687564 152.670736 1.027400 
0.088461 74.691740 152.624862 1.027430 
0.087556 74.681865 152.584690 1.027634 
0.086400 74.688888 152.524303 1.027548 
0.085242 74.685466 152.480500 1.027588 
0.084477 74.682912 152.425387 1.027544 
0.083292 74.683515 152.377307 1.027446 
0.082191 74.686339 152.324229 1.027346 
0.081267 74.690393 152.274729 1.027317 
0.080372 74.678729 152.228869 1.027601 
0.079414 74.680344 152.171736 1.027451 
0.078437 74.683689 152.122023 1.027530 
0.077463 74.674119 152.071571 1.027488 
0.076397 74.669420 152.025358 1.027428 
0.075808 74.675952 151.972847 1.027488 
0.074732 74.672926 151.931803 1.027411 
0.074039 74.676679 151.878327 1.027415 
0.072985 74.669990 151.832251 1.027696 
0.072479 74.677913 151.775599 1.027474 
0.071912 74.677501 151.732969 1.027702 
0.070880 74.676907 151.696703 1.027474 
0.070430 74.680185 151.639991 1.027499 
