0.247826 69.873605 201.483901 1.027386 
0.100409 75.723703 146.555848 1.027666 
0.101480 75.724407 146.461370 1.027503 
0.102770 75.718647 146.372660 1.027528 
0.103754 75.719026 146.290388 1.027706 
0.104950 75.718067 146.202401 1.027647 
0.106044 75.713079 146.117705 1.027505 
0.107190 75.712986 146.027716 1.027583 
0.108176 75.716175 145.945131 1.027489 
0.109073 75.715706 145.853711 1.027533 
0.110394 75.717949 145.775011 1.027606 
0.111618 75.709934 145.694178 1.027660 
0.112370 75.709706 145.607073 1.027451 
0.113634 75.718456 145.521045 1.027563 
0.114540 75.715810 145.445472 1.027466 
0.115459 75.721185 145.364910 1.027486 
0.116253 75.714438 145.286412 1.027545 
0.117240 75.710068 145.204037 1.027358 
0.118122 75.713558 145.122076 1.027623 
0.118973 75.716243 145.047856 1.027498 
0.119767 75.714197 144.961976 1.027412 
0.120434 75.709990 144.887782 1.027389 
0.121060 75.711173 144.800235 1.027446 
0.121824 75.714469 144.727444 1.027320 
0.122462 75.713325 144.639372 1.027585 
0.123251 75.726258 144.568279 1.027415 
0.123511 75.726370 144.486207 1.027661 
0.124292 75.717180 144.402956 1.027420 
0.124575 75.714290 144.332268 1.027398 
0.125272 75.716910 144.248667 1.027464 
0.125541 75.720366 144.173995 1.027528 
0.126235 75.727371 144.091393 1.027593 
0.126349 75.729115 144.025966 1.027252 
0.126667 75.727759 143.949246 1.027419 
0.127367 75.723954 143.867094 1.027404 
0.127534 75.718034 143.799025 1.027502 
0.127662 75.725456 143.719892 1.027826 
0.128095 75.725229 143.651128 1.027490 
0.128516 75.725717 143.574854 1.027798 
0.128585 75.728388 143.504472 1.027699 
0.128797 75.717353 143.439244 1.027638 
0.128710 75.721635 143.367166 1.027671 
0.129203 75.724996 143.288642 1.027534 
0.129177 75.724977 143.222660 1.027586 
0.129248 75.729939 143.156815 1.027407 
0.129593 75.721562 143.084697 1.027457 
0.129294 75.731634 143.010378 1.027579 
0.129517 75.730607 142.949831 1.027666 
0.129468 75.727250 142.873424 1.027524 
0.129388 75.722895 142.812050 1.027792 
0.129532 75.723772 142.745978 1.027584 
0.129542 75.715724 142.673679 1.027694 
0.129228 75.733133 142.605281 1.027551 
0.129324 75.721313 142.538427 1.027610 
0.129286 75.721337 142.470534 1.027673 
0.128915 75.724628 142.398004 1.027584 
0.128946 75.711550 142.336354 1.027461 
0.128768 75.719876 142.273089 1.027620 
0.128412 75.714001 142.204584 1.027686 
0.128267 75.715291 142.130895 1.027598 
0.128021 75.707566 142.064021 1.027612 
0.128081 75.712303 142.001028 1.027505 
0.127342 75.715831 141.931163 1.027600 
0.126990 75.713608 141.864360 1.027407 
0.126549 75.714947 141.803152 1.027608 
0.126201 75.708750 141.732544 1.027617 
0.125413 75.715057 141.672666 1.027708 
0.124939 75.704448 141.600454 1.027675 
0.124261 75.713373 141.542943 1.027570 
0.123508 75.719695 141.478697 1.027507 
0.123113 75.720309 141.409790 1.027431 
0.122171 75.723549 141.347824 1.027559 
0.121891 75.718636 141.290824 1.027463 
0.120979 75.712514 141.226416 1.027605 
0.120619 75.722041 141.177268 1.027518 
0.119801 75.725538 141.104002 1.027523 
0.119182 75.724903 141.047974 1.027569 
0.118393 75.726689 140.994831 1.027646 
0.117809 75.725452 140.929480 1.027475 
0.117034 75.727669 140.872146 1.027509 
0.116143 75.730060 140.822266 1.027688 
0.115519 75.729099 140.767159 1.027601 
0.114704 75.729950 140.708352 1.027449 
0.114018 75.733416 140.652801 1.027548 
0.113000 75.734622 140.600369 1.027434 
0.112249 75.731746 140.546720 1.027520 
0.111465 75.729764 140.474604 1.027492 
0.110192 75.736427 140.428611 1.027599 
0.109475 75.733403 140.374330 1.027517 
0.108568 75.735329 140.312731 1.027526 
0.107396 75.741673 140.265619 1.027512 
0.106491 75.736380 140.209077 1.027702 
0.105526 75.737402 140.159573 1.027629 
0.104789 75.739565 140.113377 1.027636 
0.103771 75.743330 140.054716 1.027518 
0.102895 75.736789 139.999923 1.027623 
0.102039 75.745628 139.947547 1.027627 
0.100958 75.741500 139.897019 1.027500 
0.100067 75.740550 139.847167 1.027442 
0.099205 75.740659 139.790675 1.027544 
0.098243 75.748771 139.740739 1.027395 
0.096913 75.741362 139.692443 1.027586 
0.096403 75.743033 139.632573 1.027503 
0.095245 75.748424 139.582958 1.027679 
0.094299 75.747669 139.537702 1.027552 
0.093380 75.751306 139.475424 1.027567 
0.092508 75.754229 139.428597 1.027613 
0.091514 75.747262 139.372758 1.027393 
0.090292 75.746547 139.313554 1.027489 
0.089346 75.752359 139.257873 1.027507 
0.088606 75.759773 139.204504 1.027646 
0.087333 75.760782 139.159882 1.027620 
0.086447 75.757650 139.099023 1.027609 
0.085588 75.752164 139.051797 1.027482 
0.084557 75.755591 138.992024 1.027418 
0.083736 75.758795 138.943621 1.027254 
0.082701 75.757912 138.887152 1.027336 
0.081649 75.760960 138.844455 1.027356 
0.080938 75.766019 138.799809 1.027450 
0.079914 75.759990 138.744518 1.027447 
0.079049 75.761530 138.691194 1.027421 
0.078021 75.756719 138.638791 1.027420 
0.077098 75.756899 138.602677 1.027387 
0.076293 75.754846 138.551645 1.027521 
0.075581 75.759666 138.501608 1.027501 
0.074269 75.753057 138.454095 1.027540 
0.073817 75.750760 138.407378 1.027575 
0.072947 75.748001 138.356883 1.027666 
0.071986 75.753409 138.312867 1.027483 
0.071426 75.750592 138.265103 1.027623 
0.070586 75.743457 138.225847 1.027616 
0.069939 75.745495 138.178903 1.027671 
0.069090 75.751445 138.130615 1.027342 
0.068522 75.746485 138.092514 1.027313 
0.067859 75.749964 138.045151 1.027527 
0.067071 75.749765 138.005254 1.027428 
0.066248 75.748856 137.963307 1.027499 
0.065720 75.751113 137.931908 1.027475 
0.065071 75.753507 137.885449 1.027461 
0.064465 75.748582 137.851811 1.027672 
0.063812 75.743917 137.818168 1.027606 
0.063395 75.757108 137.787509 1.027579 
0.062588 75.748416 137.747755 1.027578 
0.062007 75.742412 137.715894 1.027446 
0.061339 75.742962 137.679273 1.027646 
0.060595 75.743277 137.650060 1.027764 
0.060308 75.749227 137.620562 1.027703 
0.059967 75.750252 137.587277 1.027696 
0.059276 75.746316 137.571467 1.027610 
0.058787 75.746953 137.532249 1.027617 
0.058209 75.745790 137.506326 1.027660 
0.057708 75.751361 137.474704 1.027382 
0.057168 75.748139 137.443586 1.027407 
0.056955 75.747342 137.418463 1.027524 
0.056335 75.750638 137.388447 1.027354 
0.055707 75.753804 137.368485 1.027399 
0.055693 75.750782 137.335203 1.027423 
0.055018 75.759615 137.317222 1.027424 
0.054690 75.748049 137.287824 1.027512 
0.054443 75.757819 137.259121 1.027535 
0.054043 75.763858 137.233797 1.027458 
0.053776 75.752536 137.210487 1.027525 
0.053241 75.756085 137.180510 1.027430 
0.053104 75.760789 137.162494 1.027323 
0.052757 75.757238 137.137995 1.027372 
0.052479 75.762105 137.108828 1.027503 
0.052011 75.764660 137.094751 1.027471 
0.051983 75.757931 137.072596 1.027563 
0.051796 75.762131 137.046909 1.027439 
0.051398 75.764295 137.024262 1.027440 
0.051439 75.769024 136.992857 1.027488 
0.051114 75.759688 136.972777 1.027560 
0.051097 75.769517 136.946357 1.027492 
0.050707 75.766094 136.920489 1.027635 
0.050971 75.766037 136.898413 1.027615 
0.050512 75.762348 136.869913 1.027483 
0.050854 75.763272 136.847824 1.027428 
0.050627 75.769420 136.833903 1.027650 
0.050517 75.771048 136.809224 1.027627 
0.050333 75.774013 136.793638 1.027556 
0.050418 75.773979 136.760002 1.027632 
0.050186 75.773754 136.744603 1.027557 
0.050226 75.781311 136.721047 1.027589 
0.050242 75.779170 136.707459 1.027365 
0.050312 75.774977 136.684728 1.027612 
0.050287 75.780739 136.656494 1.027587 
0.050171 75.784184 136.642685 1.027753 
0.050273 75.784766 136.628311 1.027459 
0.050476 75.783713 136.596901 1.027598 
0.050450 75.769677 136.581332 1.027445 
0.050409 75.769642 136.555588 1.027475 
0.050639 75.775213 136.540506 1.027826 
0.050702 75.784527 136.517774 1.027548 
0.051031 75.775768 136.504215 1.027683 
0.050758 75.775388 136.473239 1.027553 
0.051311 75.776963 136.463214 1.027560 
0.051354 75.774574 136.434114 1.027520 
0.051405 75.775001 136.416885 1.027605 
0.051658 75.778027 136.394513 1.027816 
0.051832 75.774736 136.390692 1.027720 
