0.215740 72.749245 216.554153 1.022166 
0.114819 73.337680 150.584293 1.022068 
0.114769 73.338896 150.555974 1.022294 
0.114831 73.333516 150.526459 1.022176 
0.114847 73.336547 150.503717 1.022489 
0.114843 73.340782 150.469369 1.022482 
0.114815 73.333379 150.441063 1.022342 
0.114857 73.337350 150.418388 1.022526 
0.115193 73.335824 150.394547 1.022454 
0.115255 73.332243 150.368006 1.022414 
0.115344 73.331065 150.338403 1.022195 
0.115443 73.325800 150.316544 1.022153 
0.115522 73.327637 150.282854 1.022292 
0.115495 73.330327 150.260910 1.022124 
0.115760 73.327386 150.230570 1.022430 
0.115947 73.327869 150.207464 1.022328 
0.115942 73.318440 150.182141 1.022244 
0.116003 73.324636 150.155305 1.022319 
0.116359 73.328503 150.122269 1.022051 
0.116091 73.322106 150.100318 1.022249 
0.116503 73.325263 150.076651 1.022293 
0.116402 73.319882 150.048757 1.022266 
0.116610 73.320866 150.017128 1.022223 
0.116642 73.317998 149.996722 1.022313 
0.116863 73.325934 149.977474 1.022288 
0.116708 73.326180 149.945978 1.022237 
0.116996 73.323600 149.920621 1.022343 
0.117242 73.322005 149.896539 1.022348 
0.117448 73.324342 149.877249 1.022352 
0.117267 73.324378 149.849024 1.022161 
0.117446 73.327477 149.824574 1.022277 
0.117438 73.333493 149.814549 1.022240 
0.117769 73.331771 149.789225 1.022193 
0.117831 73.334292 149.776056 1.022252 
0.118147 73.329599 149.748139 1.022236 
0.118009 73.325711 149.726407 1.021999 
0.118459 73.325345 149.703840 1.022092 
0.118272 73.331636 149.685522 1.021967 
0.118509 73.326401 149.663931 1.022059 
0.118722 73.327683 149.653623 1.022230 
0.118781 73.320462 149.625526 1.022210 
0.118986 73.321156 149.608756 1.022288 
0.119114 73.323757 149.581120 1.022491 
0.119324 73.321341 149.563040 1.022219 
0.119399 73.317729 149.537179 1.022229 
0.119262 73.311191 149.516320 1.022318 
0.119731 73.313186 149.489921 1.022227 
0.119606 73.307889 149.466731 1.022151 
0.119890 73.313850 149.450009 1.022230 
0.119845 73.311510 149.425581 1.022232 
0.119828 73.313745 149.397301 1.022285 
0.120100 73.309449 149.380520 1.022418 
0.119900 73.298857 149.360081 1.022365 
0.120315 73.299408 149.343866 1.022317 
0.120059 73.297298 149.316749 1.022429 
0.120411 73.305042 149.305502 1.022094 
0.120444 73.306787 149.276408 1.022379 
0.120388 73.309497 149.257558 1.022121 
0.120709 73.308477 149.228945 1.022282 
0.120628 73.304271 149.212785 1.022223 
0.120581 73.299908 149.193849 1.022208 
0.121013 73.303437 149.173109 1.021994 
0.121121 73.310135 149.152820 1.022254 
0.121105 73.313060 149.127414 1.022176 
0.121016 73.305014 149.108128 1.022153 
0.121345 73.300558 149.088571 1.022141 
0.121433 73.313663 149.059328 1.022146 
0.121437 73.307734 149.040585 1.022082 
0.121401 73.308635 149.027294 1.022059 
0.121767 73.306723 148.993038 1.022197 
0.121653 73.300878 148.982199 1.022306 
0.121504 73.299642 148.955401 1.022445 
0.121730 73.304193 148.936983 1.022504 
0.121943 73.301424 148.917604 1.022374 
0.121986 73.305773 148.897607 1.022322 
0.122157 73.300978 148.867638 1.022479 
0.122094 73.301086 148.847495 1.022312 
0.122394 73.300581 148.818330 1.022203 
0.122018 73.302851 148.802685 1.022034 
0.122264 73.305860 148.773009 1.022399 
0.122448 73.307088 148.753680 1.022379 
0.122391 73.310714 148.731362 1.022291 
0.122513 73.311594 148.703525 1.022126 
0.122414 73.314133 148.687528 1.022113 
0.122416 73.313967 148.664683 1.022189 
0.122501 73.319010 148.649504 1.022351 
0.122486 73.320911 148.624377 1.022510 
0.122491 73.320481 148.611678 1.022421 
0.122434 73.316960 148.588878 1.022320 
0.122547 73.319155 148.568063 1.022339 
0.122757 73.326393 148.548165 1.022322 
0.122445 73.324836 148.532163 1.022233 
0.122791 73.325667 148.505373 1.022295 
0.122531 73.325969 148.493277 1.022369 
0.122379 73.329603 148.479529 1.022354 
0.122678 73.326261 148.459580 1.022290 
0.122723 73.333480 148.432254 1.022129 
0.122450 73.333032 148.417812 1.022286 
0.122877 73.333892 148.400578 1.022252 
0.122795 73.337935 148.378255 1.022236 
0.122803 73.341035 148.361975 1.022161 
0.122796 73.342207 148.333514 1.022284 
0.122884 73.338158 148.317904 1.022061 
0.122636 73.343447 148.300890 1.022194 
0.122893 73.348382 148.287215 1.022158 
0.122874 73.344490 148.258528 1.022019 
0.122921 73.343536 148.233156 1.022007 
0.122725 73.348504 148.221591 1.022132 
0.122925 73.346736 148.194602 1.022213 
0.122935 73.355527 148.173827 1.022053 
0.123027 73.353521 148.164349 1.022132 
0.123050 73.356880 148.141671 1.022240 
0.123034 73.359019 148.116411 1.022026 
0.123064 73.349062 148.099778 1.022210 
0.123220 73.357544 148.073441 1.022174 
0.122922 73.354580 148.055171 1.022039 
0.123180 73.362769 148.040546 1.022080 
0.123046 73.364948 148.020307 1.022243 
0.123340 73.367250 148.000161 1.022239 
0.123165 73.360346 147.973415 1.022290 
0.123270 73.364981 147.964300 1.022222 
0.123376 73.365876 147.940848 1.022348 
0.123224 73.365868 147.922324 1.022319 
0.123553 73.369687 147.897583 1.022263 
0.123210 73.366892 147.881165 1.022287 
0.123538 73.376132 147.856984 1.022357 
0.123567 73.368349 147.842876 1.022184 
0.123373 73.366639 147.814869 1.022289 
0.123486 73.371959 147.801218 1.022277 
0.123560 73.380679 147.777613 1.022226 
0.123524 73.371727 147.758246 1.022375 
0.123672 73.372229 147.743973 1.022379 
0.123810 73.380777 147.727302 1.022376 
0.123668 73.379996 147.702633 1.022221 
0.123951 73.384902 147.684047 1.022349 
0.124009 73.378010 147.672693 1.022261 
0.124069 73.373500 147.655213 1.022150 
0.123933 73.378024 147.634595 1.022400 
0.123940 73.380220 147.617336 1.022325 
0.124179 73.383090 147.601796 1.022457 
0.124155 73.382102 147.587685 1.022306 
0.124235 73.381697 147.573821 1.022473 
0.124314 73.382123 147.556596 1.022226 
0.124159 73.385034 147.541628 1.022295 
0.124167 73.388948 147.520644 1.022153 
0.124493 73.390546 147.502248 1.022136 
0.124294 73.397053 147.485458 1.022192 
0.124501 73.393769 147.469744 1.022106 
0.124423 73.390979 147.453966 1.022289 
0.124417 73.394437 147.440706 1.022156 
0.124528 73.398810 147.428803 1.022222 
0.124556 73.397576 147.411737 1.022182 
0.124383 73.396281 147.403154 1.022254 
0.124773 73.393498 147.386684 1.022303 
0.124688 73.399273 147.365156 1.022249 
0.124852 73.400437 147.363978 1.022226 
0.124870 73.396568 147.348797 1.022419 
0.124894 73.406452 147.329668 1.022477 
0.124960 73.405105 147.318178 1.022228 
0.125092 73.399167 147.301269 1.022176 
0.125007 73.403353 147.286274 1.022160 
0.125005 73.395086 147.274288 1.022302 
0.125009 73.394029 147.264693 1.022302 
0.124950 73.398370 147.249355 1.022321 
0.125273 73.397671 147.231805 1.022437 
0.125146 73.396524 147.221175 1.022345 
0.125340 73.401500 147.206114 1.022338 
0.125180 73.403967 147.196913 1.022130 
0.125264 73.407256 147.176082 1.022323 
0.125326 73.403763 147.166310 1.022183 
0.125163 73.406004 147.141908 1.022218 
0.125520 73.406236 147.131935 1.022076 
0.125536 73.402750 147.121189 1.022170 
0.125392 73.406003 147.098301 1.022145 
0.125509 73.405832 147.084652 1.022301 
0.125486 73.410259 147.074883 1.022206 
0.125495 73.407642 147.052820 1.022321 
0.125341 73.408001 147.044225 1.022398 
0.125500 73.410308 147.017247 1.022273 
0.125500 73.414018 146.999371 1.022166 
0.125689 73.401696 146.988382 1.022200 
0.125644 73.411573 146.970296 1.022360 
0.125721 73.400113 146.951929 1.022341 
0.125680 73.403476 146.932827 1.022353 
0.125672 73.406325 146.915463 1.022419 
0.125663 73.407027 146.901090 1.022233 
0.125841 73.401925 146.881667 1.022210 
0.125743 73.402627 146.871919 1.022324 
0.125968 73.402828 146.845480 1.022516 
0.125876 73.397722 146.833692 1.022483 
0.125894 73.395033 146.820058 1.022327 
0.125728 73.395411 146.803262 1.022333 
0.125874 73.395360 146.796282 1.022071 
0.125656 73.393286 146.772529 1.022157 
0.125634 73.390531 146.760701 1.022240 
0.126030 73.395648 146.745062 1.022286 
0.125687 73.390945 146.731249 1.022295 
0.126077 73.386831 146.717157 1.022192 
0.125737 73.391088 146.705401 1.022295 
0.125982 73.398873 146.695360 1.022526 
