0.168662 75.702804 169.820364 1.022265 
0.211905 75.843951 196.400753 1.022348 
0.212163 75.842409 196.497548 1.022412 
0.211877 75.841745 196.602796 1.022357 
0.212151 75.840489 196.711291 1.022481 
0.211915 75.843587 196.814806 1.022417 
0.212192 75.845648 196.916585 1.022540 
0.212147 75.851167 197.017696 1.022402 
0.212175 75.844982 197.122201 1.022470 
0.212383 75.853355 197.225211 1.022488 
0.212007 75.850040 197.335881 1.022385 
0.212134 75.853632 197.432862 1.022345 
0.212178 75.848833 197.541132 1.022443 
0.212332 75.852679 197.639403 1.022595 
0.212291 75.855160 197.740239 1.022314 
0.212265 75.844658 197.836360 1.022542 
0.212275 75.854098 197.935765 1.022224 
0.212462 75.851219 198.040951 1.022490 
0.212414 75.851303 198.131385 1.022512 
0.212239 75.856555 198.233046 1.022255 
0.212531 75.857590 198.323569 1.022389 
0.212619 75.859639 198.421257 1.022290 
0.212371 75.860033 198.522153 1.022322 
0.212622 75.859021 198.623188 1.022420 
0.212637 75.860656 198.710284 1.022174 
0.212550 75.859390 198.805963 1.022338 
0.212472 75.864130 198.909394 1.022379 
0.212819 75.859627 198.993275 1.022290 
0.212869 75.867921 199.078587 1.022353 
0.212611 75.863629 199.186751 1.022350 
0.212676 75.869336 199.272703 1.022412 
0.212875 75.865503 199.357570 1.022387 
0.212652 75.869546 199.441746 1.022492 
0.212471 75.856141 199.535187 1.022592 
0.212920 75.865619 199.624407 1.022465 
0.212954 75.866765 199.706809 1.022347 
0.212876 75.866226 199.796935 1.022293 
0.212932 75.872643 199.883494 1.022442 
0.212988 75.864114 199.968033 1.022385 
0.212938 75.864491 200.064199 1.022606 
0.213117 75.870842 200.141514 1.022457 
0.213070 75.872373 200.225891 1.022380 
0.213186 75.871411 200.310367 1.022483 
0.213313 75.870878 200.399796 1.022332 
0.213084 75.870092 200.479965 1.022310 
0.213209 75.857996 200.559199 1.022386 
0.213438 75.865103 200.644275 1.022451 
0.213250 75.867374 200.724209 1.022382 
0.213183 75.871905 200.802946 1.022239 
0.213540 75.869619 200.888886 1.022307 
0.213752 75.869492 200.963394 1.022271 
0.213631 75.871799 201.043178 1.022355 
0.213547 75.872770 201.119861 1.022313 
0.213854 75.866860 201.202105 1.022373 
0.213572 75.870649 201.279960 1.022244 
0.213887 75.866914 201.356920 1.022299 
0.213845 75.868225 201.433971 1.022300 
0.213877 75.874193 201.506877 1.022412 
0.214046 75.862103 201.576320 1.022419 
0.214067 75.874678 201.651101 1.022431 
0.213859 75.869815 201.723467 1.022300 
0.214348 75.870098 201.798794 1.022335 
0.214222 75.866844 201.875821 1.022401 
0.214212 75.871309 201.950044 1.022410 
0.214482 75.877107 202.021340 1.022363 
0.214481 75.872583 202.095234 1.022373 
0.214531 75.870429 202.178213 1.022270 
0.214624 75.877312 202.245894 1.022344 
0.214775 75.879146 202.317310 1.022262 
0.214741 75.880296 202.390384 1.022163 
0.214892 75.881482 202.465961 1.022176 
0.214820 75.883777 202.546143 1.022064 
0.214847 75.880207 202.616755 1.022269 
0.215252 75.889267 202.690761 1.022350 
0.214967 75.887954 202.773827 1.022487 
0.215283 75.887935 202.830206 1.022411 
0.214941 75.881622 202.903618 1.022567 
0.215267 75.885054 202.979124 1.022462 
0.215032 75.889774 203.046947 1.022586 
0.215368 75.895674 203.120685 1.022383 
0.215014 75.890491 203.183352 1.022146 
0.215378 75.889458 203.253312 1.022217 
0.215421 75.883355 203.326231 1.022248 
0.214987 75.878307 203.388853 1.022436 
0.215276 75.882281 203.464093 1.022457 
0.215100 75.884843 203.530421 1.022346 
0.215197 75.891018 203.601814 1.022389 
0.215369 75.895012 203.663490 1.022419 
0.215367 75.887096 203.735516 1.022409 
0.215448 75.892644 203.799087 1.022364 
0.215567 75.895442 203.866409 1.022410 
0.215587 75.887058 203.934800 1.022401 
0.215804 75.889791 203.998616 1.022281 
0.215481 75.888660 204.064439 1.022389 
0.215450 75.892732 204.135239 1.022315 
0.215632 75.893818 204.201955 1.022317 
0.215584 75.892395 204.268250 1.022305 
0.215588 75.897436 204.336448 1.022234 
0.215638 75.898147 204.405445 1.022358 
0.215844 75.900982 204.470302 1.022234 
0.215798 75.898390 204.534212 1.022461 
0.215629 75.898944 204.603828 1.022202 
0.215922 75.893967 204.680780 1.022328 
0.215904 75.897547 204.740856 1.022312 
0.215875 75.900333 204.807399 1.022396 
0.215748 75.900745 204.870346 1.022455 
0.215567 75.904889 204.941646 1.022510 
0.215772 75.906289 205.004501 1.022197 
0.215754 75.905488 205.066380 1.022240 
0.215535 75.911655 205.133193 1.022258 
0.215688 75.909019 205.203476 1.022105 
0.215617 75.901992 205.253729 1.022383 
0.215538 75.909617 205.322342 1.022504 
0.215492 75.908256 205.377602 1.022422 
0.215186 75.906976 205.442483 1.022356 
0.214992 75.910267 205.503084 1.022342 
0.215049 75.910121 205.566410 1.022229 
0.215252 75.914970 205.613140 1.022285 
0.215159 75.912617 205.673197 1.022309 
0.215118 75.912731 205.737463 1.022550 
0.214895 75.917077 205.794432 1.022343 
0.215101 75.922729 205.843445 1.022304 
0.214874 75.920570 205.906412 1.022434 
0.214805 75.925200 205.967175 1.022363 
0.215075 75.928478 206.031662 1.022455 
0.214897 75.929720 206.090259 1.022481 
0.214810 75.931762 206.150003 1.022312 
0.214772 75.933027 206.202651 1.022386 
0.214687 75.930065 206.260718 1.022475 
0.214712 75.930557 206.306524 1.022479 
0.214785 75.933061 206.371855 1.022443 
0.214968 75.932792 206.429464 1.022397 
0.214676 75.938764 206.489089 1.022426 
0.214869 75.941521 206.552159 1.022335 
0.214718 75.946798 206.602266 1.022353 
0.214737 75.943455 206.661789 1.022400 
0.214695 75.944541 206.712770 1.022486 
0.214851 75.953563 206.762507 1.022357 
0.214789 75.950078 206.817992 1.022221 
0.214777 75.960787 206.868424 1.022290 
0.214736 75.960546 206.913715 1.022236 
0.214734 75.965000 206.959739 1.022399 
0.214931 75.963457 207.009215 1.022572 
0.214527 75.961738 207.051078 1.022284 
0.214631 75.955544 207.099641 1.022330 
0.214838 75.960839 207.140114 1.022281 
0.214537 75.959825 207.183414 1.022272 
0.214734 75.967262 207.226354 1.022290 
0.214492 75.971191 207.275298 1.022431 
0.214711 75.960841 207.310035 1.022502 
0.214523 75.963329 207.358945 1.022459 
0.214325 75.971231 207.405826 1.022537 
0.214657 75.966729 207.442909 1.022467 
0.214149 75.965337 207.486293 1.022454 
0.214213 75.971003 207.520851 1.022471 
0.214240 75.965268 207.562203 1.022289 
0.214299 75.968569 207.610068 1.022206 
0.214409 75.971576 207.648737 1.022263 
0.214265 75.971969 207.678804 1.022358 
0.214176 75.969785 207.728222 1.022171 
0.214315 75.962763 207.766107 1.022359 
0.214100 75.963430 207.798723 1.022321 
0.214149 75.961537 207.838764 1.022191 
0.214102 75.956725 207.871175 1.022160 
0.213971 75.959846 207.911174 1.022247 
0.213976 75.958819 207.949404 1.022233 
0.214099 75.961035 207.978534 1.022352 
0.213874 75.964991 208.020937 1.022453 
0.214159 75.960102 208.050930 1.022286 
0.213793 75.958493 208.087718 1.022295 
0.213701 75.954165 208.117305 1.022353 
0.213789 75.952518 208.153959 1.022400 
0.213860 75.954040 208.189420 1.022308 
0.213585 75.954049 208.220045 1.022384 
0.213827 75.950555 208.249706 1.022356 
0.213791 75.944459 208.286220 1.022148 
0.213768 75.945719 208.320436 1.022152 
0.213752 75.951706 208.352322 1.022302 
0.213338 75.947834 208.388857 1.022249 
0.213796 75.948973 208.421456 1.022371 
0.213732 75.954868 208.462454 1.022182 
0.213671 75.961352 208.492954 1.022408 
0.213499 75.958842 208.542474 1.022477 
0.213798 75.957621 208.581337 1.022254 
0.213697 75.959339 208.611253 1.022403 
0.213684 75.958365 208.645016 1.022483 
0.213610 75.958690 208.684544 1.022368 
0.213809 75.962591 208.724300 1.022351 
0.213639 75.957945 208.757462 1.022398 
0.213428 75.964825 208.801104 1.022393 
0.213764 75.970073 208.846958 1.022300 
0.214095 75.966496 208.878586 1.022299 
0.213783 75.966584 208.922619 1.022238 
0.214026 75.971060 208.958149 1.022528 
0.214105 75.981942 209.006708 1.022492 
0.214291 75.971128 209.044187 1.022288 
0.214095 75.972529 209.086811 1.022448 
0.214027 75.975277 209.132200 1.022316 
0.214710 75.974953 209.172660 1.022196 
0.214253 75.974151 209.212888 1.022442 
