0.175629 70.829724 177.209270 1.023161 
0.175513 70.827201 177.176043 1.023385 
0.175541 70.829869 177.159058 1.023145 
0.175493 70.824699 177.137584 1.023189 
0.175034 70.828906 177.118323 1.023280 
0.175238 70.824865 177.095841 1.023209 
0.175597 70.822443 177.071826 1.023218 
0.175149 70.824545 177.055419 1.023300 
0.175292 70.825737 177.030251 1.022955 
0.174876 70.831810 177.012504 1.023210 
0.175241 70.824609 176.994557 1.023263 
0.174847 70.831679 176.974677 1.023324 
0.174980 70.840479 176.945947 1.023383 
0.175039 70.837485 176.940991 1.023093 
0.174843 70.833153 176.911947 1.023310 
0.174604 70.834227 176.889758 1.023301 
0.174739 70.836795 176.865291 1.023396 
0.174870 70.838735 176.848098 1.023309 
0.174650 70.842869 176.825648 1.023117 
0.174651 70.844568 176.802024 1.023305 
0.174824 70.844627 176.773936 1.023181 
0.174715 70.854311 176.754743 1.023386 
0.174719 70.850497 176.736787 1.023388 
0.174654 70.852490 176.718022 1.023383 
0.174831 70.857986 176.700416 1.023261 
0.174924 70.859506 176.679728 1.023200 
0.174971 70.866373 176.661430 1.023237 
0.174855 70.858927 176.639522 1.023221 
0.175077 70.864027 176.620844 1.023352 
0.175242 70.866488 176.599312 1.023232 
0.175250 70.866938 176.578898 1.023297 
0.175339 70.867729 176.555949 1.023238 
0.175221 70.863368 176.540259 1.023352 
0.175518 70.870787 176.521853 1.023197 
0.175534 70.869686 176.501378 1.023269 
0.175697 70.871182 176.485212 1.023239 
0.175746 70.876958 176.470208 1.023234 
0.175446 70.873252 176.459732 1.023193 
0.175681 70.872093 176.428081 1.023140 
0.175858 70.881278 176.423901 1.023365 
0.175932 70.882491 176.403903 1.023196 
0.175753 70.879930 176.386281 1.023397 
0.175710 70.886904 176.371190 1.023242 
0.175839 70.885070 176.353724 1.023227 
0.175892 70.892823 176.330770 1.023398 
0.175895 70.900629 176.321258 1.023279 
0.176012 70.903889 176.297649 1.023201 
0.175841 70.901470 176.282085 1.023285 
0.175902 70.907517 176.266586 1.023225 
0.175950 70.904139 176.237986 1.023314 
0.176035 70.901882 176.225867 1.023296 
0.176062 70.906019 176.218163 1.023343 
0.175947 70.908637 176.192428 1.023254 
0.176202 70.908441 176.171910 1.023066 
0.176201 70.907624 176.153712 1.023272 
0.176073 70.905957 176.146979 1.023262 
0.175917 70.902574 176.128960 1.023362 
0.176182 70.899397 176.113667 1.023239 
0.176403 70.895538 176.102279 1.023308 
0.176206 70.906093 176.082441 1.023279 
0.176201 70.901821 176.066468 1.023319 
0.176151 70.903404 176.052344 1.023209 
0.176359 70.907803 176.036462 1.023272 
0.176236 70.912939 176.032728 1.023150 
0.176153 70.913844 176.014898 1.023240 
0.176412 70.906702 175.996444 1.023218 
0.176496 70.912096 175.980241 1.023179 
0.176675 70.911147 175.970963 1.023073 
0.176670 70.916569 175.944224 1.023410 
0.176789 70.908385 175.932682 1.023336 
0.176824 70.909345 175.927861 1.023423 
0.176708 70.921328 175.906602 1.023273 
0.177163 70.912413 175.897831 1.023249 
0.177206 70.917052 175.881663 1.023231 
0.176987 70.914719 175.862342 1.023141 
0.177304 70.914674 175.850255 1.023182 
0.177257 70.923752 175.837173 1.023134 
0.177283 70.920947 175.823364 1.023224 
0.177347 70.928209 175.822166 1.023148 
0.177289 70.921928 175.802547 1.023179 
0.177566 70.923738 175.798327 1.023309 
0.177632 70.921410 175.777637 1.023171 
0.177823 70.930214 175.768565 1.023175 
0.177503 70.926504 175.771602 1.023204 
0.177531 70.931997 175.755559 1.023204 
0.177805 70.939206 175.754671 1.023315 
0.177733 70.941027 175.737594 1.023173 
0.177880 70.943319 175.734683 1.023047 
0.177705 70.942774 175.719151 1.023286 
0.177880 70.944297 175.704980 1.023467 
0.178082 70.946657 175.696815 1.023185 
0.177841 70.951187 175.693395 1.023464 
0.177770 70.945453 175.683584 1.023210 
0.177855 70.954809 175.669108 1.023348 
0.178050 70.950353 175.655471 1.023166 
0.177737 70.953414 175.658263 1.023640 
0.177696 70.961895 175.647641 1.023202 
0.177872 70.959512 175.632440 1.023303 
0.177769 70.957354 175.624315 1.023292 
0.177680 70.964959 175.617784 1.023245 
0.177680 70.955875 175.611335 1.023362 
0.177583 70.952555 175.606874 1.023254 
0.177397 70.962707 175.602754 1.023155 
0.177633 70.962911 175.593952 1.023161 
0.177585 70.963360 175.575238 1.023174 
0.177296 70.959579 175.581076 1.023099 
0.177229 70.960144 175.562015 1.023144 
0.177234 70.966517 175.557187 1.023142 
0.176905 70.974000 175.546005 1.023294 
0.177219 70.966201 175.541956 1.023298 
0.176800 70.961075 175.532805 1.023257 
0.177135 70.968486 175.525341 1.023379 
0.176664 70.973168 175.524634 1.023285 
0.176738 70.967195 175.513647 1.023217 
0.176636 70.965222 175.504398 1.023134 
0.176471 70.972984 175.493720 1.023107 
0.176478 70.977704 175.492143 1.023242 
0.176485 70.964140 175.485997 1.023138 
0.176188 70.977980 175.475964 1.023261 
0.176275 70.976231 175.467664 1.023203 
0.176227 70.977003 175.456941 1.023174 
0.176182 70.977932 175.448804 1.023191 
0.176323 70.983520 175.435608 1.023084 
0.176186 70.970347 175.425659 1.023242 
0.175991 70.976686 175.412062 1.023060 
0.175976 70.982342 175.401974 1.023158 
0.176383 70.991860 175.394756 1.023059 
0.176174 70.992804 175.386859 1.023103 
0.176063 70.988734 175.368647 1.023233 
0.176290 70.987708 175.360247 1.023273 
0.176014 70.994910 175.351905 1.023200 
0.175941 70.993738 175.347788 1.023302 
0.175907 70.995461 175.331515 1.023283 
0.175764 70.992974 175.331485 1.023218 
0.175813 70.993276 175.309285 1.023404 
0.175766 71.002693 175.300024 1.023367 
0.175879 71.004847 175.293115 1.023204 
0.175552 71.000622 175.284150 1.023349 
0.175336 71.006496 175.285859 1.023421 
0.175500 71.006154 175.266071 1.023261 
0.175279 71.009805 175.256157 1.023168 
0.175267 71.007090 175.251240 1.023099 
0.175083 71.010368 175.241189 1.023030 
0.175072 71.011453 175.231955 1.023105 
0.174809 71.018266 175.223789 1.023224 
0.174637 71.017902 175.209223 1.023139 
0.174540 71.012441 175.202252 1.023256 
0.174588 71.019393 175.190338 1.023255 
0.174473 71.019582 175.184038 1.023183 
0.174364 71.025096 175.183133 1.023244 
0.174400 71.020515 175.183541 1.023319 
0.174367 71.027297 175.168752 1.023433 
0.173887 71.023835 175.163542 1.023205 
0.174230 71.030493 175.161824 1.023245 
0.174097 71.032669 175.158356 1.023089 
0.173806 71.025457 175.150864 1.023338 
0.173961 71.033913 175.156869 1.023305 
0.173743 71.036677 175.150243 1.023206 
0.173678 71.031261 175.146315 1.023278 
0.173615 71.039189 175.137267 1.023333 
0.173461 71.041526 175.136477 1.023170 
0.173594 71.043387 175.136672 1.023288 
0.173389 71.045671 175.126147 1.023135 
0.173209 71.045952 175.120592 1.023137 
0.173423 71.055475 175.112849 1.023151 
0.173028 71.059022 175.111718 1.023126 
0.173054 71.062704 175.112759 1.023393 
0.172956 71.061706 175.100098 1.023457 
0.172964 71.067643 175.103937 1.023254 
0.172983 71.069705 175.104881 1.023341 
0.172687 71.077721 175.094119 1.023386 
0.173003 71.071327 175.084166 1.023127 
0.172904 71.073043 175.076521 1.023184 
0.172761 71.067100 175.074420 1.023295 
0.172587 71.068380 175.064894 1.023334 
0.172878 71.071158 175.056676 1.023350 
0.172722 71.067334 175.053021 1.023173 
0.172698 71.074012 175.039062 1.023129 
0.172875 71.078262 175.032966 1.023461 
0.172593 71.078067 175.028330 1.023432 
0.172413 71.089125 175.013784 1.023406 
0.172501 71.084843 175.001163 1.023329 
0.172739 71.088681 175.000767 1.023221 
0.172500 71.088602 174.991203 1.023321 
0.172435 71.079428 174.980361 1.023456 
0.172378 71.084676 174.973973 1.023318 
0.172479 71.089324 174.970543 1.023426 
0.172436 71.095037 174.957182 1.023353 
0.172351 71.093748 174.950537 1.023343 
0.172281 71.101488 174.944791 1.023202 
0.172499 71.096449 174.932302 1.023263 
0.172193 71.098714 174.930927 1.023215 
0.172464 71.103009 174.930759 1.023212 
0.171948 71.096670 174.911382 1.023250 
0.172204 71.102785 174.913582 1.023433 
0.172421 71.105524 174.908663 1.023185 
0.172304 71.103100 174.898875 1.022974 
0.172076 71.105604 174.886792 1.023244 
0.172242 71.106059 174.882603 1.023244 
0.172118 71.112283 174.875616 1.023209 
