0.168658 73.549310 171.980659 1.022210 
0.210989 73.859772 206.119145 1.022180 
0.210840 73.849938 206.184038 1.022171 
0.210799 73.859059 206.246684 1.022247 
0.210856 73.853827 206.314277 1.022198 
0.210819 73.860173 206.381947 1.022168 
0.210758 73.862407 206.442030 1.022202 
0.210912 73.860579 206.507707 1.022208 
0.210696 73.862167 206.575254 1.022184 
0.210738 73.859764 206.636229 1.022233 
0.210717 73.874027 206.703520 1.022242 
0.210564 73.871540 206.767697 1.022251 
0.210508 73.864707 206.832953 1.022281 
0.210471 73.865152 206.886311 1.022388 
0.210445 73.864882 206.954966 1.022345 
0.210418 73.869899 207.017519 1.022287 
0.210252 73.868669 207.073828 1.022372 
0.210273 73.872460 207.139124 1.022337 
0.210197 73.877359 207.209646 1.022348 
0.209923 73.876461 207.265633 1.022112 
0.210081 73.874080 207.325765 1.022273 
0.209976 73.876515 207.378478 1.022206 
0.210117 73.880466 207.444178 1.022284 
0.209719 73.871434 207.514611 1.022369 
0.210056 73.877463 207.570486 1.022368 
0.209604 73.877852 207.632059 1.022223 
0.209684 73.889894 207.686443 1.022219 
0.209687 73.881554 207.746349 1.022369 
0.209550 73.882695 207.803745 1.022198 
0.209742 73.883058 207.876903 1.022266 
0.209417 73.887689 207.934888 1.022196 
0.209513 73.894595 207.994110 1.022037 
0.209592 73.884260 208.056862 1.022314 
0.209414 73.895395 208.115051 1.022081 
0.209573 73.898913 208.166482 1.022209 
0.209418 73.897143 208.222084 1.022388 
0.209381 73.899581 208.281059 1.022259 
0.209279 73.896958 208.325970 1.022300 
0.209115 73.902285 208.385400 1.022043 
0.209211 73.903050 208.436040 1.022187 
0.209088 73.902875 208.486726 1.022133 
0.208900 73.908610 208.537967 1.022283 
0.208835 73.915084 208.592297 1.022254 
0.209132 73.912557 208.645274 1.022314 
0.208931 73.915065 208.694476 1.022175 
0.208924 73.910864 208.742751 1.022258 
0.208965 73.912459 208.788896 1.022096 
0.208585 73.912059 208.833196 1.022181 
0.208922 73.912378 208.886892 1.021855 
0.208657 73.915330 208.935519 1.022146 
0.208500 73.913436 208.985207 1.022359 
0.208641 73.920279 209.030057 1.022324 
0.208385 73.915321 209.082635 1.022197 
0.208311 73.916526 209.135345 1.021937 
0.208478 73.918679 209.182352 1.022268 
0.208570 73.918195 209.223294 1.022287 
0.208400 73.930985 209.271059 1.022217 
0.208196 73.922197 209.315928 1.022452 
0.208206 73.919456 209.364192 1.022264 
0.208343 73.927516 209.397170 1.022330 
0.208161 73.923880 209.443000 1.022324 
0.208385 73.922883 209.496840 1.022083 
0.208107 73.925367 209.539268 1.022050 
0.207975 73.922577 209.585941 1.022347 
0.208143 73.920351 209.637640 1.022253 
0.208098 73.912971 209.687407 1.022318 
0.207967 73.915624 209.732807 1.022232 
0.208103 73.918882 209.783447 1.022219 
0.208104 73.921186 209.839919 1.022145 
0.208146 73.915488 209.879110 1.022291 
0.208078 73.911596 209.932055 1.022209 
0.208097 73.911219 209.983401 1.022162 
0.208176 73.911068 210.022377 1.022182 
0.208193 73.918301 210.075262 1.022378 
0.208438 73.911049 210.118514 1.022121 
0.208209 73.907743 210.171177 1.022251 
0.208436 73.915084 210.203483 1.022314 
0.208534 73.920042 210.243713 1.022188 
0.208477 73.909819 210.286727 1.022244 
0.208679 73.910337 210.336786 1.022334 
0.208761 73.912623 210.378084 1.022204 
0.208787 73.912627 210.413599 1.022079 
0.208973 73.908944 210.453706 1.022218 
0.208966 73.910308 210.490602 1.022073 
0.209148 73.912215 210.533406 1.022196 
0.209070 73.904408 210.576334 1.022145 
0.209595 73.915088 210.606769 1.022084 
0.209529 73.906955 210.650398 1.022188 
0.209443 73.914887 210.690957 1.022191 
0.209578 73.912932 210.734453 1.022102 
0.209554 73.912292 210.775302 1.022144 
0.209538 73.910741 210.815540 1.022067 
0.209662 73.911338 210.869130 1.022072 
0.209908 73.915822 210.909179 1.022162 
0.210147 73.914110 210.942566 1.022128 
0.210068 73.919512 210.986810 1.022224 
0.210180 73.913355 211.034945 1.022138 
0.210404 73.920017 211.085237 1.022356 
0.210360 73.923811 211.132798 1.022407 
0.210540 73.918886 211.167368 1.022266 
0.210343 73.922946 211.217961 1.022322 
0.210629 73.917601 211.263475 1.022261 
0.210990 73.925480 211.309857 1.022394 
0.210924 73.917897 211.354048 1.022206 
0.211134 73.920483 211.392853 1.022274 
0.211060 73.916339 211.445316 1.022133 
0.211173 73.921374 211.485028 1.022263 
0.211165 73.926593 211.527861 1.022435 
0.211111 73.927631 211.572755 1.022261 
0.211294 73.923033 211.610569 1.022256 
0.211224 73.926524 211.652214 1.022266 
0.211459 73.928448 211.687227 1.022180 
0.211536 73.922606 211.731801 1.022322 
0.211629 73.931606 211.781374 1.022334 
0.211583 73.929806 211.821300 1.022345 
0.211364 73.931367 211.851317 1.022332 
0.211637 73.927872 211.890800 1.022259 
0.211714 73.930711 211.922936 1.022132 
0.211742 73.934531 211.958241 1.022193 
0.211831 73.936478 211.993531 1.022287 
0.211735 73.939863 212.022087 1.022057 
0.211947 73.947740 212.058806 1.022289 
0.211648 73.944235 212.085717 1.022270 
0.211723 73.941596 212.108701 1.022203 
0.211856 73.948978 212.139902 1.022184 
0.211946 73.950352 212.168900 1.022067 
0.211869 73.951731 212.198286 1.022233 
0.211786 73.952239 212.225437 1.022137 
0.211944 73.951267 212.262717 1.022241 
0.212000 73.950822 212.291533 1.022175 
0.212205 73.950502 212.324690 1.022155 
0.212021 73.951134 212.356747 1.022133 
0.211983 73.956138 212.378907 1.022221 
0.212222 73.960851 212.417986 1.022277 
0.211903 73.957718 212.445875 1.022262 
0.212260 73.955455 212.475417 1.022399 
0.212037 73.963252 212.507011 1.022494 
0.211952 73.966583 212.544345 1.022471 
0.212268 73.969700 212.564038 1.022210 
0.212032 73.963356 212.594739 1.022363 
0.211934 73.970843 212.628921 1.022371 
0.211990 73.964421 212.655387 1.022231 
0.211989 73.964580 212.680508 1.022108 
0.211925 73.963371 212.718700 1.022354 
0.212183 73.965177 212.739809 1.022390 
0.211672 73.972979 212.768301 1.022287 
0.212077 73.965376 212.799587 1.022245 
0.211788 73.967833 212.828592 1.022312 
0.211807 73.970898 212.864641 1.022104 
0.211701 73.973893 212.887989 1.022219 
0.211500 73.963673 212.914313 1.022103 
0.211675 73.965836 212.942943 1.022138 
0.211818 73.967059 212.976095 1.022106 
0.211736 73.968511 213.006799 1.022155 
0.211330 73.965458 213.032992 1.021972 
0.211646 73.967368 213.055402 1.022136 
0.211618 73.971265 213.082274 1.022222 
0.211223 73.974075 213.117632 1.022405 
0.211290 73.984833 213.146044 1.022352 
0.211232 73.985438 213.174936 1.022283 
0.211156 73.979754 213.210969 1.022105 
0.211344 73.984806 213.239123 1.022222 
0.211012 73.987498 213.268694 1.022110 
0.211273 73.985104 213.292928 1.022268 
0.210943 73.991368 213.314660 1.022068 
0.210957 73.986367 213.349820 1.022360 
0.211004 73.991985 213.378832 1.022057 
0.210982 73.993262 213.415394 1.021983 
0.210844 73.999252 213.444001 1.022398 
0.210818 73.999710 213.469658 1.022215 
0.210886 74.007302 213.499832 1.022246 
0.210736 74.006094 213.529416 1.022336 
0.210761 74.004354 213.556632 1.022191 
0.210566 74.005081 213.579547 1.022216 
0.210696 74.011917 213.611276 1.022107 
0.210706 74.012209 213.636262 1.022046 
0.210757 74.012912 213.667859 1.022213 
0.210553 74.014321 213.691047 1.021895 
0.210411 74.020385 213.720841 1.022031 
0.210639 74.012775 213.747577 1.022057 
0.210493 74.016553 213.770608 1.021898 
0.210574 74.022289 213.794662 1.022007 
0.210481 74.018691 213.816365 1.022122 
0.210370 74.024013 213.847982 1.022173 
0.210586 74.027958 213.868461 1.022313 
0.210504 74.025835 213.896179 1.022233 
0.210327 74.026663 213.924176 1.022324 
0.210304 74.031505 213.948886 1.022213 
0.210283 74.026296 213.974354 1.022288 
0.210322 74.033882 213.996325 1.022162 
0.210357 74.032944 214.008417 1.022301 
0.210385 74.032111 214.039461 1.022232 
0.210433 74.036058 214.070675 1.022065 
0.210447 74.040042 214.086085 1.022256 
0.210205 74.033539 214.111076 1.022509 
0.210458 74.035863 214.140388 1.022213 
0.210216 74.035338 214.160853 1.022401 
0.210232 74.039713 214.187767 1.022331 
0.210517 74.033092 214.199922 1.022415 
0.209893 74.043540 214.224197 1.022342 
