0.109298 71.914177 134.461064 1.023420 
0.121211 72.283650 125.656022 1.023112 
0.120981 72.289762 125.670555 1.022923 
0.120966 72.295462 125.687191 1.023204 
0.121005 72.289609 125.708033 1.023107 
0.120797 72.296552 125.727857 1.023290 
0.120719 72.297653 125.740342 1.023278 
0.120880 72.307428 125.768666 1.023347 
0.120782 72.308620 125.780355 1.023354 
0.120558 72.306255 125.790578 1.023113 
0.120640 72.313242 125.803947 1.023149 
0.120659 72.311328 125.808980 1.023337 
0.120551 72.310346 125.819141 1.023351 
0.120685 72.313398 125.828733 1.023376 
0.120550 72.316988 125.836037 1.023388 
0.120601 72.311684 125.852093 1.023235 
0.120477 72.311624 125.854503 1.023411 
0.120420 72.315472 125.874544 1.023188 
0.120234 72.315985 125.884559 1.023174 
0.120341 72.322334 125.898837 1.023271 
0.120117 72.327032 125.908579 1.023307 
0.120270 72.327164 125.912958 1.023107 
0.120240 72.323754 125.919066 1.023099 
0.119935 72.329826 125.937079 1.023493 
0.119793 72.329237 125.942130 1.023359 
0.119916 72.333590 125.946199 1.023401 
0.119950 72.332210 125.963798 1.023220 
0.119912 72.334139 125.979542 1.023331 
0.119572 72.332510 125.978772 1.023330 
0.119748 72.344776 125.999893 1.023331 
0.119479 72.346930 126.017595 1.023162 
0.119448 72.344438 126.018290 1.023156 
0.119231 72.347151 126.032271 1.023076 
0.119329 72.346821 126.040631 1.023032 
0.119319 72.345472 126.047718 1.023228 
0.119319 72.354413 126.056744 1.023111 
0.119315 72.357858 126.063821 1.023248 
0.119063 72.358329 126.073724 1.023098 
0.119222 72.363882 126.090250 1.023161 
0.119165 72.357475 126.098866 1.023098 
0.118982 72.369148 126.100426 1.023306 
0.119135 72.366559 126.110360 1.023124 
0.118967 72.362399 126.122400 1.023177 
0.118834 72.364410 126.139590 1.023273 
0.119020 72.359925 126.146391 1.023214 
0.118734 72.358807 126.161171 1.023315 
0.118983 72.362032 126.175467 1.023365 
0.118833 72.359879 126.196015 1.023320 
0.118821 72.362067 126.191488 1.023239 
0.118894 72.358485 126.203571 1.023329 
0.118834 72.366605 126.210211 1.023413 
0.118787 72.365378 126.209856 1.023317 
0.118482 72.361526 126.224950 1.023417 
0.118669 72.362278 126.232588 1.023249 
0.118569 72.366557 126.248361 1.023299 
0.118535 72.366381 126.252467 1.023226 
0.118359 72.370125 126.259793 1.023333 
0.118547 72.366733 126.272226 1.023424 
0.118371 72.371826 126.290524 1.023332 
0.118349 72.370359 126.301737 1.023306 
0.118340 72.370720 126.319044 1.023312 
0.118279 72.372839 126.332313 1.023273 
0.118166 72.381351 126.346219 1.023283 
0.118202 72.378849 126.357751 1.023323 
0.118163 72.380918 126.376753 1.023215 
0.118160 72.386868 126.379795 1.023387 
0.118291 72.381981 126.400982 1.023249 
0.118210 72.385124 126.414572 1.023176 
0.118142 72.398506 126.428867 1.023227 
0.118347 72.391168 126.429159 1.023299 
0.118339 72.393470 126.446520 1.023463 
0.118119 72.394320 126.461279 1.023331 
0.118325 72.400461 126.468607 1.023563 
0.118060 72.398152 126.484375 1.023482 
0.118204 72.397368 126.490147 1.023288 
0.118290 72.402632 126.503137 1.023395 
0.118229 72.402834 126.510698 1.023299 
0.118305 72.404017 126.521630 1.023295 
0.118442 72.404283 126.519637 1.023438 
0.118578 72.405831 126.529151 1.023156 
0.118351 72.403858 126.548233 1.023222 
0.118651 72.407993 126.556594 1.023369 
0.118433 72.405643 126.569405 1.023310 
0.118546 72.411666 126.577186 1.023146 
0.118752 72.409443 126.590269 1.023374 
0.118526 72.411574 126.596890 1.023402 
0.118777 72.424820 126.616424 1.023423 
0.118867 72.418044 126.629881 1.023325 
0.118807 72.415368 126.634701 1.023282 
0.118931 72.417123 126.654034 1.023213 
0.118793 72.420754 126.666382 1.023405 
0.118747 72.417154 126.677198 1.023332 
0.118871 72.417851 126.695812 1.023392 
0.118844 72.420216 126.715812 1.023273 
0.118941 72.409936 126.734564 1.023481 
0.118873 72.415552 126.741606 1.023417 
0.119091 72.415653 126.753808 1.023400 
0.119103 72.413094 126.774207 1.023332 
0.119063 72.410770 126.785203 1.023195 
0.119233 72.415920 126.799537 1.023314 
0.119048 72.414616 126.807752 1.023274 
0.119376 72.422148 126.823185 1.023426 
0.119415 72.418774 126.836332 1.023259 
0.119327 72.416994 126.854465 1.023220 
0.119303 72.411182 126.870665 1.023234 
0.119502 72.409959 126.886524 1.023377 
0.119416 72.405316 126.896232 1.023369 
0.119487 72.412337 126.907552 1.023442 
0.119888 72.413629 126.920301 1.023300 
0.119663 72.400425 126.929737 1.023237 
0.119764 72.405629 126.948857 1.023238 
0.119880 72.410133 126.966341 1.023316 
0.120110 72.409614 126.978593 1.023310 
0.119941 72.406043 126.995079 1.023216 
0.120056 72.410020 127.015281 1.023046 
0.120033 72.404098 127.036867 1.023196 
0.120144 72.412123 127.049927 1.023249 
0.119925 72.410651 127.067287 1.022989 
0.120237 72.406429 127.074503 1.023350 
0.120159 72.410446 127.089021 1.023166 
0.120243 72.410243 127.099276 1.023303 
0.120069 72.408048 127.102994 1.023272 
0.120057 72.403424 127.118462 1.023138 
0.119894 72.415366 127.126997 1.023371 
0.120145 72.408886 127.132691 1.023190 
0.120190 72.411871 127.139507 1.023174 
0.119986 72.405102 127.142021 1.023188 
0.120064 72.407030 127.145978 1.023263 
0.119793 72.407180 127.151533 1.023433 
0.119845 72.406705 127.144505 1.023259 
0.119910 72.403408 127.142209 1.023373 
0.119858 72.405343 127.152381 1.023220 
0.119848 72.406422 127.147509 1.023360 
0.119775 72.407030 127.143641 1.023433 
0.119615 72.407175 127.144392 1.023177 
0.119732 72.399237 127.143098 1.023364 
0.119527 72.403527 127.154149 1.023285 
0.119668 72.403071 127.152225 1.023077 
0.119676 72.408790 127.149766 1.023230 
0.119674 72.414507 127.154070 1.023336 
0.119595 72.409028 127.157523 1.023232 
0.119593 72.410844 127.156734 1.023335 
0.119530 72.414378 127.160825 1.023198 
0.119844 72.406980 127.144567 1.023385 
0.119559 72.406076 127.160412 1.023311 
0.119558 72.408785 127.158276 1.023403 
0.119696 72.414359 127.173154 1.023259 
0.119779 72.409072 127.177499 1.023236 
0.119551 72.411948 127.177443 1.023267 
0.119771 72.406060 127.187179 1.023213 
0.119537 72.416428 127.187670 1.023248 
0.119813 72.411609 127.193895 1.023314 
0.119606 72.409123 127.201831 1.023353 
0.119853 72.412720 127.208984 1.023204 
0.119753 72.405850 127.220051 1.023200 
0.119901 72.421250 127.219407 1.023317 
0.119470 72.405848 127.226970 1.023189 
0.119620 72.417033 127.238269 1.023320 
0.119682 72.411126 127.239450 1.023198 
0.119607 72.413473 127.240335 1.023250 
0.119613 72.414720 127.240214 1.023068 
0.119705 72.413915 127.263185 1.023248 
0.119511 72.408022 127.263704 1.023400 
0.119600 72.413236 127.274856 1.023370 
0.119519 72.422270 127.279318 1.023250 
0.119531 72.409301 127.283901 1.023448 
0.119607 72.416734 127.296323 1.023406 
0.119525 72.417940 127.298953 1.023127 
0.119937 72.419756 127.304728 1.023204 
0.119609 72.420898 127.305857 1.023331 
0.119685 72.417173 127.311538 1.023378 
0.119778 72.421542 127.318721 1.023237 
0.119761 72.417805 127.324344 1.023352 
0.119859 72.424947 127.345144 1.023352 
0.120064 72.421825 127.350922 1.023184 
0.120074 72.415117 127.358533 1.023283 
0.120239 72.414635 127.372189 1.023166 
0.120022 72.424403 127.381166 1.023506 
0.119990 72.425267 127.386368 1.023309 
0.119986 72.416487 127.405526 1.023321 
0.119958 72.423440 127.415605 1.023309 
0.120231 72.428278 127.423966 1.023391 
0.120177 72.428937 127.428191 1.023386 
0.120204 72.429258 127.437428 1.023452 
0.120200 72.433714 127.443902 1.023391 
0.119914 72.437455 127.453898 1.023308 
0.119833 72.432848 127.454251 1.023194 
0.120045 72.435801 127.458792 1.023308 
0.120070 72.429516 127.458656 1.023409 
0.119578 72.441821 127.458907 1.023237 
0.119597 72.436557 127.455575 1.023309 
0.119722 72.432401 127.462053 1.023250 
0.119813 72.445725 127.455211 1.023185 
0.119784 72.432892 127.448275 1.023307 
0.119355 72.436387 127.453447 1.023376 
0.119690 72.436503 127.453258 1.023038 
0.119338 72.441535 127.452001 1.023220 
0.119578 72.436140 127.452814 1.023032 
0.119286 72.439720 127.451329 1.023249 
0.119321 72.439218 127.455447 1.023354 
