0.108130 61.143574 142.501768 1.031099 
0.107984 61.150918 142.452435 1.031124 
0.108139 61.149369 142.393694 1.031241 
0.108122 61.142959 142.332250 1.031184 
0.108050 61.147604 142.288690 1.031225 
0.108147 61.148267 142.236754 1.031307 
0.108138 61.162080 142.194278 1.031133 
0.108168 61.159271 142.135294 1.031159 
0.108122 61.156754 142.092300 1.031128 
0.108208 61.164415 142.049372 1.031281 
0.108365 61.173088 141.996023 1.031208 
0.108255 61.168022 141.946065 1.031312 
0.108093 61.166094 141.904010 1.031371 
0.108282 61.169811 141.855822 1.031219 
0.108191 61.177852 141.815699 1.031287 
0.107869 61.170858 141.763728 1.031133 
0.108037 61.176582 141.713362 1.031294 
0.108041 61.178474 141.669353 1.031341 
0.108154 61.176143 141.614922 1.031130 
0.108231 61.180339 141.567068 1.031352 
0.108377 61.182131 141.517419 1.031291 
0.108226 61.189863 141.478738 1.031322 
0.108134 61.195183 141.427051 1.031159 
0.108239 61.191929 141.375182 1.031144 
0.108035 61.198055 141.323790 1.031245 
0.108193 61.199060 141.271126 1.031129 
0.107983 61.197921 141.219966 1.031390 
0.107814 61.196598 141.176511 1.031321 
0.108146 61.196840 141.130665 1.031380 
0.108047 61.203865 141.081816 1.031282 
0.108097 61.206536 141.035600 1.031127 
0.107790 61.199970 140.988240 1.031081 
0.108089 61.207365 140.937537 1.031050 
0.107933 61.211565 140.909150 1.031046 
0.107971 61.214203 140.858513 1.031222 
0.107847 61.222407 140.807348 1.031213 
0.107860 61.218874 140.763325 1.031075 
0.107780 61.219079 140.725358 1.031066 
0.107852 61.226495 140.667935 1.031133 
0.107868 61.229691 140.620995 1.031316 
0.107661 61.233757 140.580041 1.030963 
0.107816 61.234986 140.528263 1.031059 
0.107628 61.236645 140.481700 1.031290 
0.107541 61.239185 140.435383 1.031140 
0.107484 61.228081 140.396477 1.031334 
0.107345 61.244217 140.340426 1.031141 
0.107641 61.239408 140.299791 1.031519 
0.107363 61.235404 140.256637 1.031304 
0.107498 61.243380 140.207362 1.031307 
0.107428 61.245422 140.165588 1.031247 
0.107518 61.244433 140.119254 1.031341 
0.107250 61.251460 140.071618 1.031484 
0.107430 61.254676 140.032426 1.031266 
0.107222 61.255453 139.976379 1.031397 
0.107370 61.259927 139.936347 1.031295 
0.107506 61.258387 139.892277 1.031207 
0.107358 61.264331 139.849609 1.031341 
0.107375 61.261073 139.807021 1.031329 
0.107386 61.265360 139.762619 1.031128 
0.107429 61.276581 139.717174 1.031223 
0.107474 61.274832 139.682795 1.031080 
0.107476 61.274717 139.626421 1.031442 
0.107514 61.273857 139.593660 1.031207 
0.107412 61.281122 139.546931 1.031430 
0.107543 61.282370 139.501497 1.031361 
0.107584 61.287971 139.466328 1.031326 
0.107494 61.283447 139.413892 1.031157 
0.107525 61.295162 139.379522 1.031299 
0.107735 61.286599 139.323502 1.031050 
0.107668 61.291243 139.290081 1.031068 
0.107507 61.288712 139.242816 1.031340 
0.107838 61.294628 139.195812 1.031284 
0.107866 61.298261 139.155035 1.031144 
0.107919 61.298560 139.105421 1.031189 
0.107944 61.305639 139.065040 1.031325 
0.107850 61.308409 139.027629 1.031202 
0.108041 61.314669 138.988560 1.031214 
0.107960 61.317922 138.936607 1.031356 
0.107951 61.321586 138.897114 1.031225 
0.108106 61.325942 138.861646 1.031306 
0.108144 61.324235 138.816399 1.030994 
0.108103 61.330133 138.779240 1.031102 
0.107952 61.327663 138.731355 1.031149 
0.108069 61.329661 138.697251 1.030982 
0.108053 61.334788 138.658178 1.031037 
0.107925 61.341349 138.628007 1.031295 
0.107871 61.339799 138.575108 1.031075 
0.107963 61.342542 138.542899 1.031105 
0.107757 61.341152 138.493305 1.031087 
0.107783 61.342450 138.461651 1.031230 
0.107848 61.344520 138.420573 1.031194 
0.107432 61.346839 138.382113 1.031065 
0.107477 61.338761 138.347197 1.030989 
0.107559 61.349424 138.307435 1.031162 
0.107123 61.351987 138.268377 1.031272 
0.107307 61.359506 138.229783 1.031216 
0.107156 61.366682 138.199186 1.031215 
0.107264 61.355524 138.147796 1.031333 
0.107312 61.354904 138.119511 1.031265 
0.107219 61.364179 138.077257 1.031168 
0.107022 61.358958 138.040395 1.031083 
0.107229 61.361375 138.004479 1.031394 
0.107121 61.364348 137.970992 1.031258 
0.107383 61.355260 137.935159 1.031359 
0.107132 61.358510 137.898156 1.031305 
0.107270 61.359094 137.863559 1.031122 
0.107181 61.354103 137.828895 1.031078 
0.107195 61.359069 137.795380 1.031259 
0.107080 61.353815 137.759220 1.031145 
0.107063 61.354055 137.729080 1.031181 
0.107163 61.362365 137.685320 1.031171 
0.107181 61.356954 137.657337 1.031258 
0.106760 61.354142 137.624354 1.031339 
0.107239 61.354795 137.593185 1.031397 
0.106796 61.354337 137.553096 1.031206 
0.106831 61.355411 137.518888 1.031366 
0.106962 61.353817 137.487474 1.031231 
0.106863 61.353010 137.454989 1.031404 
0.106836 61.354793 137.425892 1.031271 
0.106792 61.358540 137.382333 1.031354 
0.106547 61.356585 137.356262 1.031226 
0.106594 61.359624 137.318338 1.031234 
0.106761 61.360453 137.289801 1.031313 
0.106631 61.363308 137.258322 1.031091 
0.106755 61.356017 137.218849 1.031201 
0.106772 61.366275 137.193613 1.031275 
0.106498 61.369312 137.153019 1.031214 
0.106631 61.372906 137.131222 1.031214 
0.106800 61.375071 137.099905 1.031279 
0.106746 61.371645 137.061075 1.031203 
0.106420 61.384826 137.037070 1.031317 
0.106503 61.387436 136.994960 1.031243 
0.106648 61.386339 136.967821 1.031091 
0.106843 61.392970 136.925962 1.031432 
0.106604 61.394072 136.893975 1.031165 
0.106612 61.397088 136.868758 1.031292 
0.106552 61.398967 136.830100 1.031022 
0.106614 61.398409 136.796728 1.031084 
0.106353 61.406146 136.761364 1.031172 
0.106533 61.411692 136.731383 1.031176 
0.106625 61.414801 136.699275 1.031035 
0.106463 61.419733 136.666200 1.030944 
0.106467 61.421369 136.629486 1.030959 
0.106085 61.416498 136.593277 1.031165 
0.106356 61.421917 136.565236 1.031076 
0.106141 61.427303 136.542653 1.031278 
0.106338 61.438535 136.508995 1.031164 
0.106157 61.435928 136.481791 1.031166 
0.106212 61.442856 136.443543 1.031235 
0.105970 61.438159 136.418925 1.031174 
0.106247 61.446779 136.394963 1.031027 
0.106107 61.447548 136.368029 1.031019 
0.106100 61.449778 136.333871 1.031016 
0.106283 61.459850 136.309475 1.031109 
0.105928 61.461139 136.280161 1.031171 
0.106116 61.467451 136.245398 1.031256 
0.106056 61.464092 136.216356 1.031195 
0.106037 61.456118 136.194928 1.031084 
0.106049 61.458808 136.162606 1.031301 
0.106106 61.470677 136.131202 1.031222 
0.106101 61.465008 136.105621 1.031009 
0.105994 61.470101 136.077894 1.030992 
0.105989 61.464165 136.048280 1.031006 
0.106097 61.472163 136.021579 1.030937 
0.106106 61.480134 135.994128 1.031436 
0.106101 61.482808 135.956148 1.031105 
0.106107 61.480544 135.935385 1.031158 
0.106029 61.480936 135.900713 1.031271 
0.106007 61.484752 135.876811 1.031063 
0.106081 61.486856 135.843576 1.031134 
0.106164 61.488231 135.808295 1.031357 
0.106129 61.487450 135.789789 1.031364 
0.106113 61.498378 135.747959 1.030971 
0.106187 61.497223 135.719912 1.031137 
0.106083 61.498147 135.689582 1.031210 
0.106206 61.499617 135.658067 1.031194 
0.106083 61.493752 135.622125 1.031196 
0.106030 61.499555 135.593819 1.031285 
0.106382 61.506915 135.566859 1.031271 
0.106175 61.499308 135.533359 1.031236 
0.106267 61.502971 135.507478 1.031316 
0.106155 61.508152 135.471747 1.031176 
0.106556 61.509917 135.433234 1.031180 
0.106358 61.516820 135.403066 1.031204 
0.106288 61.525371 135.378807 1.031267 
0.106349 61.521497 135.344390 1.031225 
0.106707 61.531783 135.318027 1.031220 
0.106596 61.533804 135.291138 1.031278 
0.106572 61.535531 135.261697 1.031389 
0.106609 61.537777 135.239194 1.031389 
0.106479 61.547308 135.207450 1.031279 
0.106561 61.547317 135.180773 1.031373 
0.106700 61.553183 135.150356 1.031337 
0.106816 61.554750 135.121662 1.031396 
0.106661 61.555817 135.101604 1.031285 
0.106759 61.563809 135.073084 1.031233 
0.106865 61.558313 135.050770 1.031272 
0.106958 61.562077 135.019820 1.031314 
0.106933 61.564190 135.000256 1.031316 
0.107055 61.567609 134.986384 1.031371 
