0.103425 56.473022 116.208589 1.031018 
0.189401 57.204531 166.307916 1.030962 
0.189339 57.209171 166.429779 1.031010 
0.189379 57.206785 166.550453 1.031169 
0.189555 57.213425 166.678677 1.031212 
0.189409 57.214685 166.804753 1.031135 
0.189476 57.220250 166.923887 1.031101 
0.189523 57.221151 167.039924 1.031138 
0.189784 57.232251 167.165755 1.031055 
0.189598 57.237288 167.280939 1.031060 
0.189953 57.239117 167.404301 1.030942 
0.190106 57.238702 167.514189 1.031229 
0.189949 57.241172 167.636539 1.031245 
0.189819 57.246350 167.747970 1.031022 
0.190058 57.249351 167.863060 1.031292 
0.190364 57.254897 167.977529 1.031036 
0.190081 57.257637 168.084701 1.031021 
0.190349 57.255143 168.193357 1.031060 
0.190406 57.252980 168.303973 1.031292 
0.190325 57.259869 168.407892 1.031293 
0.190273 57.272567 168.524976 1.031001 
0.190466 57.266705 168.632945 1.031167 
0.190419 57.269846 168.740334 1.031235 
0.190607 57.273055 168.846970 1.031240 
0.190493 57.271762 168.959895 1.031025 
0.190598 57.281471 169.063148 1.031175 
0.190627 57.285957 169.173176 1.031213 
0.190876 57.288868 169.284018 1.031356 
0.190875 57.289757 169.394891 1.031254 
0.190942 57.293540 169.504973 1.031171 
0.191132 57.299842 169.618078 1.031198 
0.191297 57.293723 169.736097 1.031148 
0.191184 57.301716 169.846162 1.031141 
0.191039 57.296650 169.953931 1.030996 
0.191084 57.300964 170.064969 1.031128 
0.191030 57.302240 170.178951 1.031116 
0.191285 57.302621 170.275632 1.031197 
0.191388 57.313829 170.391055 1.031266 
0.191614 57.309716 170.489302 1.031108 
0.191448 57.312686 170.597213 1.031038 
0.191156 57.310375 170.703986 1.031047 
0.191534 57.316814 170.798212 1.031088 
0.191158 57.322516 170.907256 1.031027 
0.191598 57.328928 171.006725 1.031004 
0.191310 57.327754 171.102193 1.031229 
0.191529 57.337622 171.204587 1.031334 
0.191339 57.344363 171.300878 1.031226 
0.191662 57.343969 171.399166 1.031182 
0.191462 57.360950 171.487682 1.031191 
0.191758 57.362255 171.581270 1.031296 
0.191589 57.368514 171.674614 1.031252 
0.191336 57.372472 171.770502 1.031177 
0.191564 57.380705 171.858645 1.031106 
0.191628 57.382157 171.954321 1.031045 
0.191654 57.391314 172.043163 1.031203 
0.191563 57.391242 172.133412 1.031144 
0.191406 57.403106 172.225660 1.031282 
0.191529 57.403123 172.308582 1.031282 
0.191749 57.413399 172.394536 1.031289 
0.191595 57.414017 172.474590 1.031311 
0.191682 57.418237 172.566454 1.031247 
0.191596 57.427387 172.651997 1.031232 
0.192016 57.423786 172.745910 1.031028 
0.191796 57.434518 172.828993 1.030954 
0.191839 57.434703 172.917212 1.030920 
0.191762 57.438527 172.998563 1.031163 
0.191738 57.446657 173.080827 1.031104 
0.192081 57.444554 173.161319 1.031172 
0.191945 57.457269 173.243387 1.031159 
0.191823 57.461917 173.335525 1.031196 
0.191869 57.458987 173.404907 1.031155 
0.191841 57.465742 173.487086 1.031318 
0.191928 57.462617 173.569261 1.031272 
0.191500 57.475590 173.654876 1.031214 
0.191900 57.482304 173.735507 1.031034 
0.191763 57.483033 173.809702 1.031205 
0.191747 57.490142 173.892333 1.031111 
0.191688 57.497346 173.964609 1.031168 
0.191960 57.496390 174.048697 1.031248 
0.191662 57.501549 174.123273 1.031139 
0.191552 57.509109 174.206100 1.031296 
0.191525 57.515114 174.275785 1.031051 
0.191953 57.514929 174.357100 1.031151 
0.191688 57.520146 174.426197 1.031118 
0.191665 57.526592 174.509314 1.031230 
0.191647 57.524342 174.577818 1.031153 
0.191666 57.533681 174.658469 1.031096 
0.191889 57.533639 174.727747 1.031170 
0.191807 57.544701 174.800248 1.031165 
0.191849 57.551001 174.873068 1.031255 
0.191891 57.545134 174.935927 1.031256 
0.191795 57.552490 175.017332 1.031222 
0.191610 57.551076 175.088115 1.031070 
0.191878 57.549359 175.158537 1.031321 
0.191504 57.559477 175.228209 1.031276 
0.191916 57.560553 175.300304 1.031244 
0.191660 57.556613 175.369024 1.031197 
0.191710 57.561399 175.432047 1.031196 
0.191745 57.568673 175.507060 1.031172 
0.191465 57.565244 175.576095 1.031130 
0.191242 57.564057 175.643303 1.031185 
0.191674 57.567386 175.705291 1.031210 
0.191670 57.562090 175.779229 1.031251 
0.191542 57.565986 175.847815 1.031259 
0.191454 57.567724 175.919812 1.031383 
0.191365 57.570760 175.983264 1.031266 
0.191497 57.575165 176.053499 1.031072 
0.191477 57.580682 176.123981 1.031272 
0.191303 57.575881 176.190370 1.031244 
0.191363 57.580745 176.269173 1.030895 
0.191298 57.576368 176.335625 1.030960 
0.191264 57.573661 176.397252 1.031213 
0.191080 57.583951 176.473188 1.031265 
0.191364 57.579835 176.537188 1.031443 
0.191168 57.584453 176.610075 1.031262 
0.191179 57.580958 176.679264 1.031257 
0.190890 57.580283 176.753689 1.031392 
0.190856 57.584990 176.821742 1.031321 
0.190968 57.587758 176.890937 1.031224 
0.191174 57.582473 176.958986 1.031029 
0.190788 57.589956 177.018713 1.031029 
0.190993 57.587349 177.077785 1.031131 
0.191018 57.588715 177.152325 1.031123 
0.190848 57.584573 177.216999 1.030949 
0.190786 57.586402 177.275694 1.031317 
0.190997 57.584236 177.346088 1.031258 
0.190869 57.579908 177.410969 1.031263 
0.190908 57.587223 177.477902 1.031316 
0.190907 57.587441 177.539258 1.031317 
0.191006 57.581237 177.611989 1.031446 
0.190910 57.592030 177.667797 1.031254 
0.191085 57.586056 177.730720 1.031288 
0.190843 57.590184 177.800072 1.030984 
0.191144 57.586275 177.868249 1.030968 
0.190873 57.584175 177.929102 1.031116 
0.191267 57.591740 177.993820 1.031181 
0.191045 57.595832 178.063223 1.031130 
0.190957 57.595847 178.124886 1.031378 
0.190882 57.604702 178.182235 1.031104 
0.191097 57.606113 178.253545 1.031281 
0.191297 57.615719 178.324435 1.031230 
0.191007 57.618685 178.382132 1.031083 
0.190903 57.629087 178.436705 1.031259 
0.191226 57.631248 178.502573 1.031198 
0.190973 57.637509 178.565068 1.031281 
0.190945 57.641953 178.623268 1.031283 
0.191111 57.654127 178.683041 1.031209 
0.191187 57.663969 178.734132 1.031333 
0.190763 57.668661 178.794698 1.031299 
0.191142 57.677744 178.857386 1.031454 
0.190948 57.676784 178.910199 1.031083 
0.191308 57.687860 178.969023 1.031194 
0.191082 57.698891 179.021755 1.031220 
0.190854 57.698024 179.074576 1.031135 
0.190832 57.704412 179.128000 1.031196 
0.191013 57.713576 179.170095 1.031205 
0.190805 57.719111 179.228174 1.031336 
0.190988 57.719873 179.273708 1.031224 
0.190729 57.723873 179.327154 1.031194 
0.191011 57.735335 179.382925 1.031118 
0.190849 57.746583 179.426684 1.031314 
0.190970 57.745022 179.483330 1.031122 
0.190630 57.744241 179.539037 1.031118 
0.190532 57.752371 179.580092 1.031155 
0.190513 57.750255 179.636488 1.031301 
0.190592 57.754288 179.684901 1.031146 
0.190185 57.758517 179.735295 1.031250 
0.190515 57.753918 179.788216 1.031408 
0.190445 57.751723 179.833461 1.031202 
0.190290 57.758204 179.881900 1.031347 
0.190431 57.755151 179.924987 1.031254 
0.190240 57.762827 179.979669 1.031469 
0.190557 57.766382 180.031239 1.031248 
0.190140 57.768837 180.065589 1.031185 
0.190258 57.764596 180.116163 1.031304 
0.190381 57.764514 180.158669 1.031205 
0.190084 57.774627 180.206352 1.031153 
0.189969 57.770503 180.250582 1.031220 
0.190313 57.769213 180.300986 1.031320 
0.190226 57.769041 180.347476 1.031105 
0.189930 57.772144 180.395484 1.031268 
0.189979 57.770783 180.439422 1.031265 
0.190179 57.773770 180.490818 1.031176 
0.189840 57.769479 180.532202 1.031161 
0.189853 57.765673 180.571313 1.031033 
0.189832 57.773949 180.619202 1.030970 
0.189721 57.777213 180.663060 1.031116 
0.189795 57.770721 180.702217 1.031148 
0.189711 57.777355 180.744819 1.031240 
0.189437 57.777152 180.783583 1.031152 
0.189504 57.777289 180.845720 1.031192 
0.189406 57.777705 180.877290 1.031079 
0.189306 57.778231 180.920094 1.031163 
0.189311 57.785212 180.969764 1.031204 
0.189248 57.783808 181.005262 1.031169 
0.189335 57.786123 181.051230 1.031005 
0.189492 57.785553 181.093652 1.031087 
0.189180 57.786662 181.136631 1.031119 
0.189367 57.790768 181.167045 1.031124 
0.189124 57.789887 181.211990 1.031109 
