0.104811 62.421003 131.779801 1.031558 
0.154684 63.218041 176.325803 1.031077 
0.154682 63.218809 176.339324 1.031087 
0.154613 63.217006 176.352453 1.031255 
0.154782 63.224694 176.365332 1.031189 
0.154712 63.226938 176.380967 1.031011 
0.154536 63.226700 176.395389 1.031199 
0.154758 63.227631 176.408568 1.031110 
0.154825 63.226698 176.424001 1.031138 
0.154761 63.234929 176.444476 1.031063 
0.154720 63.236401 176.454214 1.031247 
0.154819 63.242241 176.472104 1.031233 
0.154747 63.242739 176.475749 1.031118 
0.154779 63.246876 176.491726 1.031286 
0.154536 63.247439 176.506526 1.031084 
0.154590 63.249383 176.518324 1.031207 
0.154563 63.251971 176.525302 1.031121 
0.154527 63.249484 176.538064 1.031112 
0.154554 63.253722 176.551024 1.031191 
0.154424 63.251536 176.559977 1.031141 
0.154410 63.253395 176.579947 1.031206 
0.154389 63.246249 176.582620 1.030987 
0.154210 63.254052 176.603720 1.031204 
0.154183 63.251430 176.610837 1.031081 
0.154364 63.260298 176.629088 1.031220 
0.154130 63.255855 176.648086 1.031133 
0.154038 63.260771 176.662076 1.031264 
0.154014 63.262131 176.675579 1.031284 
0.154113 63.263627 176.686525 1.031136 
0.154237 63.264064 176.705365 1.031292 
0.153982 63.255799 176.720416 1.031278 
0.153798 63.256172 176.720032 1.031136 
0.154092 63.257708 176.731129 1.031123 
0.153749 63.265775 176.745650 1.031209 
0.153707 63.264121 176.760560 1.031240 
0.153584 63.255098 176.765856 1.031057 
0.153779 63.269884 176.772489 1.031384 
0.153531 63.276212 176.789649 1.031283 
0.153475 63.271413 176.794611 1.031108 
0.153676 63.279265 176.797299 1.031099 
0.153715 63.282228 176.809992 1.031110 
0.153679 63.279724 176.813815 1.031264 
0.153381 63.278952 176.835969 1.031233 
0.153521 63.278417 176.844361 1.031262 
0.153390 63.279645 176.846479 1.031087 
0.153532 63.288235 176.858453 1.031131 
0.153334 63.287455 176.866723 1.031234 
0.153262 63.288490 176.885963 1.031208 
0.153282 63.288393 176.890414 1.031104 
0.153345 63.301581 176.901362 1.031226 
0.152994 63.303164 176.899945 1.031042 
0.153173 63.304567 176.902100 1.031081 
0.153239 63.301910 176.913630 1.031353 
0.153090 63.309814 176.920926 1.031251 
0.153211 63.310417 176.930268 1.031242 
0.153090 63.309600 176.941195 1.031290 
0.153062 63.307875 176.946745 1.031514 
0.152853 63.311111 176.948450 1.031228 
0.153141 63.312997 176.968142 1.031135 
0.152962 63.312612 176.971271 1.031117 
0.152737 63.312665 176.990205 1.031108 
0.153046 63.318225 176.998618 1.031096 
0.152842 63.317644 177.009203 1.031097 
0.153222 63.314356 177.015567 1.030872 
0.152786 63.316886 177.015022 1.031201 
0.153016 63.322620 177.036532 1.031218 
0.153012 63.318310 177.044051 1.031012 
0.152902 63.319129 177.044864 1.031050 
0.152879 63.316245 177.046541 1.031027 
0.153106 63.321287 177.065843 1.030988 
0.153287 63.317215 177.067209 1.031148 
0.152951 63.318933 177.082204 1.031134 
0.153224 63.316316 177.087312 1.031156 
0.153167 63.319429 177.098003 1.031304 
0.153250 63.323349 177.110020 1.031323 
0.153161 63.316962 177.120119 1.031131 
0.153234 63.332989 177.131537 1.031173 
0.153227 63.320338 177.133561 1.031325 
0.153244 63.325184 177.157899 1.031258 
0.153234 63.320544 177.163192 1.031158 
0.153088 63.329737 177.167963 1.031093 
0.153201 63.315127 177.187314 1.031310 
0.153078 63.325510 177.192044 1.031365 
0.153165 63.328669 177.204317 1.031254 
0.153204 63.330756 177.212976 1.031275 
0.153324 63.325831 177.220934 1.031210 
0.153306 63.325683 177.235196 1.031212 
0.153200 63.333409 177.246085 1.031284 
0.153219 63.333405 177.263918 1.031358 
0.153385 63.330836 177.270874 1.031240 
0.153494 63.331012 177.275994 1.031180 
0.153378 63.333375 177.284248 1.031313 
0.153229 63.336642 177.294902 1.030975 
0.153272 63.334136 177.308533 1.030895 
0.153246 63.334215 177.314804 1.031139 
0.153530 63.334424 177.327666 1.031174 
0.153333 63.332211 177.329828 1.031010 
0.153330 63.335088 177.329946 1.031002 
0.153214 63.335208 177.341573 1.031244 
0.153248 63.341681 177.358858 1.031071 
0.153579 63.338541 177.362437 1.031065 
0.153420 63.337128 177.371087 1.031089 
0.153572 63.340423 177.377086 1.031250 
0.153538 63.346419 177.377036 1.031104 
0.153467 63.337546 177.392610 1.031284 
0.153478 63.337618 177.399550 1.031255 
0.153674 63.337915 177.399326 1.031286 
0.153569 63.346297 177.416861 1.031148 
0.153605 63.340972 177.417862 1.031189 
0.153625 63.336693 177.418617 1.031282 
0.153504 63.347170 177.425163 1.031239 
0.153706 63.342542 177.427390 1.031039 
0.153508 63.343676 177.429925 1.031282 
0.153766 63.347779 177.439915 1.031024 
0.153519 63.352303 177.452269 1.031161 
0.153779 63.350072 177.462698 1.031251 
0.153605 63.347628 177.467539 1.031350 
0.153703 63.344441 177.475617 1.031374 
0.153540 63.347283 177.487794 1.031270 
0.153683 63.358887 177.495349 1.031235 
0.153728 63.351223 177.505163 1.031128 
0.153521 63.356560 177.503380 1.031221 
0.153754 63.353227 177.518567 1.031305 
0.153505 63.360949 177.525425 1.031120 
0.153734 63.352130 177.525521 1.031301 
0.153864 63.362404 177.538793 1.031113 
0.153503 63.365479 177.549713 1.031266 
0.153772 63.357737 177.551257 1.031241 
0.153734 63.360112 177.559606 1.031311 
0.153869 63.365160 177.564100 1.031082 
0.153780 63.359958 177.583722 1.031350 
0.153830 63.372652 177.580312 1.031245 
0.153734 63.369944 177.592375 1.031155 
0.153827 63.369135 177.600781 1.031102 
0.153743 63.376020 177.605588 1.031187 
0.153699 63.374193 177.617309 1.031198 
0.153660 63.372862 177.618996 1.031051 
0.153757 63.376878 177.621802 1.031122 
0.153807 63.373569 177.622236 1.031264 
0.153781 63.376033 177.630450 1.031174 
0.153666 63.375123 177.640248 1.031105 
0.153673 63.378215 177.645196 1.031223 
0.154008 63.377198 177.636254 1.031050 
0.153770 63.378050 177.650229 1.031090 
0.153680 63.379892 177.662599 1.031337 
0.153751 63.381728 177.665525 1.031196 
0.153927 63.375914 177.667857 1.031254 
0.153882 63.379310 177.670189 1.031210 
0.153774 63.383787 177.680476 1.031374 
0.154111 63.385985 177.673841 1.031202 
0.153824 63.385760 177.685590 1.031137 
0.153777 63.395444 177.692563 1.031186 
0.153771 63.390012 177.690762 1.031315 
0.153760 63.389278 177.698379 1.031188 
0.153642 63.391708 177.700406 1.031173 
0.153734 63.392728 177.711862 1.031083 
0.153777 63.388053 177.712405 1.031147 
0.153825 63.386846 177.724337 1.031183 
0.153751 63.389854 177.726948 1.031048 
0.153775 63.387802 177.735237 1.031170 
0.153837 63.392050 177.737257 1.031199 
0.153830 63.394779 177.750072 1.031069 
0.153525 63.396093 177.764489 1.031253 
0.153742 63.391775 177.771189 1.031220 
0.153854 63.399435 177.781183 1.031142 
0.153597 63.391897 177.782365 1.031035 
0.153674 63.397336 177.788618 1.031272 
0.153828 63.391311 177.793057 1.031105 
0.153501 63.390862 177.801022 1.031361 
0.153643 63.396522 177.802429 1.030973 
0.153585 63.399383 177.801303 1.030998 
0.153901 63.407601 177.807301 1.031123 
0.153587 63.403508 177.813188 1.031126 
0.153730 63.409182 177.814982 1.031163 
0.153577 63.412129 177.814885 1.031068 
0.153631 63.400931 177.818711 1.031352 
0.153593 63.405656 177.815809 1.031134 
0.153582 63.403907 177.824005 1.031058 
0.153613 63.407116 177.822407 1.031074 
0.153631 63.401165 177.826249 1.030940 
0.153591 63.411740 177.839161 1.031055 
0.153444 63.409098 177.836082 1.031252 
0.153529 63.409943 177.847622 1.031085 
0.153642 63.414799 177.846185 1.031164 
0.153519 63.416593 177.856381 1.031377 
0.153352 63.412593 177.859601 1.031244 
0.153553 63.415660 177.876988 1.031307 
0.153405 63.410896 177.878225 1.031307 
0.153378 63.413671 177.882816 1.031105 
0.153081 63.429832 177.896202 1.031201 
0.153278 63.423588 177.908567 1.031259 
0.153232 63.422588 177.907450 1.031207 
0.153114 63.420995 177.916135 1.031198 
0.153097 63.418420 177.922988 1.031177 
0.152921 63.423099 177.933158 1.031167 
0.153043 63.428129 177.934013 1.031274 
0.153008 63.420078 177.954096 1.031284 
0.152854 63.425914 177.963030 1.031257 
0.153026 63.430186 177.957869 1.031253 
0.152937 63.429872 177.981164 1.031495 
