0.143399 55.151584 142.601735 1.030973 
0.102075 55.986223 123.181641 1.031238 
0.102144 55.983953 123.111954 1.031133 
0.102259 55.988508 123.040728 1.031293 
0.102167 55.994564 122.960602 1.031343 
0.102112 55.989584 122.902000 1.031186 
0.102035 55.996831 122.826170 1.031326 
0.101862 55.997131 122.763412 1.031267 
0.102152 56.000036 122.701600 1.031212 
0.102106 56.004818 122.636007 1.031151 
0.101880 55.999804 122.573695 1.031059 
0.101512 56.006262 122.497567 1.031151 
0.101954 56.005441 122.448919 1.030936 
0.101757 56.008876 122.382467 1.031071 
0.101880 56.017765 122.321854 1.031243 
0.101684 56.018960 122.251863 1.031183 
0.101678 56.017518 122.192956 1.031173 
0.101680 56.020861 122.132036 1.031217 
0.101535 56.019778 122.062382 1.031091 
0.101526 56.024801 121.994083 1.031131 
0.101493 56.026899 121.937943 1.031066 
0.101407 56.032170 121.873299 1.031082 
0.101429 56.025573 121.805268 1.031206 
0.101349 56.030206 121.752193 1.031049 
0.101351 56.032563 121.692728 1.031126 
0.101183 56.041519 121.621902 1.031135 
0.101292 56.039407 121.568824 1.031129 
0.101191 56.038075 121.505313 1.031179 
0.101098 56.045296 121.441492 1.031298 
0.101186 56.046019 121.386406 1.031244 
0.101077 56.048623 121.328176 1.031281 
0.101084 56.050745 121.267608 1.031205 
0.100877 56.050164 121.207625 1.031133 
0.101015 56.047063 121.150460 1.031211 
0.101080 56.059200 121.095610 1.031129 
0.100828 56.053691 121.036362 1.030945 
0.100865 56.053781 120.978096 1.031093 
0.101019 56.061338 120.926720 1.031015 
0.101011 56.063286 120.877062 1.030923 
0.100571 56.063615 120.809470 1.031053 
0.100780 56.068506 120.766166 1.031113 
0.100913 56.071539 120.709612 1.031199 
0.100600 56.074609 120.665060 1.031058 
0.100827 56.076001 120.609239 1.031016 
0.100652 56.071394 120.552924 1.031108 
0.100921 56.073164 120.501000 1.031111 
0.100609 56.074369 120.444859 1.031222 
0.100710 56.087506 120.393572 1.031207 
0.100564 56.081632 120.346034 1.031290 
0.100524 56.084714 120.289458 1.031143 
0.100571 56.090487 120.236256 1.031120 
0.100297 56.089614 120.184649 1.031086 
0.100732 56.094685 120.127939 1.031135 
0.100541 56.094440 120.078546 1.031219 
0.100633 56.101590 120.026580 1.031104 
0.100649 56.101293 119.977878 1.031115 
0.100519 56.107213 119.923934 1.031236 
0.100671 56.115061 119.874439 1.031283 
0.100450 56.113865 119.819101 1.031162 
0.100545 56.124278 119.774786 1.031166 
0.100663 56.130314 119.715214 1.030997 
0.100378 56.120356 119.678390 1.030965 
0.100664 56.136490 119.619363 1.031108 
0.100344 56.135085 119.565941 1.031129 
0.100564 56.133911 119.515059 1.031225 
0.100550 56.140548 119.458974 1.031198 
0.100505 56.139462 119.411010 1.031396 
0.100558 56.143559 119.359458 1.031238 
0.100431 56.146948 119.309545 1.031272 
0.100505 56.143196 119.251954 1.031116 
0.100352 56.152799 119.193432 1.031149 
0.100710 56.148837 119.139621 1.031176 
0.100367 56.153643 119.096890 1.031344 
0.100605 56.162604 119.053284 1.031141 
0.100142 56.161053 118.992738 1.031185 
0.100402 56.170669 118.945731 1.031304 
0.100569 56.168545 118.896526 1.031288 
0.100518 56.179893 118.859923 1.031245 
0.100550 56.182235 118.811917 1.031148 
0.100396 56.185916 118.760909 1.031193 
0.100391 56.185318 118.711439 1.031212 
0.100445 56.189512 118.676204 1.031035 
0.100306 56.196970 118.626465 1.031273 
0.100148 56.196192 118.579071 1.031120 
0.100402 56.199486 118.536620 1.031118 
0.100645 56.209191 118.495819 1.031202 
0.100448 56.204577 118.438025 1.031104 
0.100494 56.205402 118.392208 1.031385 
0.100362 56.213506 118.347330 1.031216 
0.100447 56.208403 118.309414 1.031070 
0.100820 56.219541 118.267778 1.031221 
0.100367 56.225853 118.223077 1.031208 
0.100383 56.219835 118.179373 1.031222 
0.100616 56.221617 118.136651 1.031083 
0.100483 56.231796 118.089671 1.031156 
0.100508 56.232567 118.049050 1.031140 
0.100448 56.232371 118.002110 1.031062 
0.100600 56.239343 117.961740 1.031145 
0.100394 56.234021 117.927484 1.031040 
0.100620 56.244826 117.887786 1.031108 
0.100698 56.241866 117.843790 1.031210 
0.100477 56.251182 117.813428 1.031281 
0.100607 56.241342 117.768176 1.031128 
0.100488 56.251095 117.730161 1.031204 
0.100495 56.251336 117.686396 1.031000 
0.100526 56.251875 117.652365 1.031109 
0.100464 56.254277 117.613944 1.030985 
0.100650 56.253598 117.584973 1.031019 
0.100457 56.257201 117.530327 1.030927 
0.100591 56.258125 117.491482 1.031070 
0.100206 56.254136 117.455739 1.030985 
0.100342 56.258455 117.418050 1.031208 
0.100369 56.266333 117.377212 1.031371 
0.100285 56.266727 117.336183 1.031385 
0.100154 56.267439 117.295190 1.031255 
0.100307 56.261863 117.258774 1.031333 
0.100364 56.261537 117.228415 1.031126 
0.100151 56.268506 117.176811 1.031336 
0.100387 56.261370 117.144336 1.031017 
0.100244 56.264718 117.102837 1.031202 
0.100022 56.266048 117.067686 1.031200 
0.100290 56.269712 117.039256 1.031192 
0.100238 56.268913 116.996627 1.031181 
0.100118 56.261306 116.958659 1.031194 
0.100171 56.271520 116.929108 1.031233 
0.100182 56.273311 116.888299 1.031142 
0.100342 56.273478 116.842149 1.031188 
0.100068 56.273845 116.805136 1.031117 
0.100036 56.268994 116.768465 1.031244 
0.099977 56.271482 116.727021 1.031146 
0.100051 56.278801 116.685792 1.031243 
0.100088 56.281926 116.658307 1.031150 
0.099808 56.284253 116.617401 1.030914 
0.099835 56.283262 116.587406 1.030892 
0.099515 56.285479 116.542840 1.031008 
0.099843 56.289890 116.512885 1.030991 
0.099772 56.291601 116.479397 1.030963 
0.099567 56.302089 116.446505 1.031086 
0.099527 56.305179 116.408183 1.031139 
0.099656 56.303313 116.379162 1.030748 
0.099528 56.308757 116.336761 1.030852 
0.099356 56.309202 116.307670 1.031168 
0.099540 56.318164 116.273416 1.030978 
0.099427 56.316000 116.244677 1.030951 
0.099371 56.322725 116.208667 1.030871 
0.099631 56.321266 116.191286 1.030836 
0.099395 56.325466 116.156985 1.030950 
0.099674 56.333255 116.115367 1.031175 
0.099364 56.340342 116.087307 1.030957 
0.099204 56.342335 116.049900 1.031260 
0.099399 56.349991 116.011726 1.031206 
0.099269 56.349766 115.985596 1.031249 
0.099560 56.340828 115.957789 1.031102 
0.099305 56.353438 115.921624 1.031278 
0.099317 56.357888 115.891395 1.031223 
0.099243 56.361996 115.849141 1.031132 
0.099318 56.364371 115.814597 1.031253 
0.099597 56.371514 115.782825 1.031297 
0.099413 56.370203 115.745233 1.031348 
0.099495 56.365820 115.715238 1.031252 
0.099601 56.377295 115.674360 1.031390 
0.099493 56.369805 115.645307 1.031198 
0.099529 56.377803 115.611549 1.031156 
0.099416 56.385502 115.574518 1.031200 
0.099696 56.382240 115.538045 1.031115 
0.099510 56.386542 115.505905 1.031205 
0.099579 56.389177 115.466532 1.031172 
0.099743 56.384848 115.435312 1.031314 
0.099643 56.393203 115.403266 1.031363 
0.099754 56.387245 115.377027 1.031141 
0.099568 56.400162 115.339590 1.031084 
0.099971 56.401586 115.316814 1.031181 
0.099755 56.403010 115.280967 1.031016 
0.099613 56.401547 115.259855 1.031277 
0.099709 56.404157 115.227626 1.031116 
0.099941 56.405684 115.199026 1.031216 
0.099945 56.405241 115.172257 1.031162 
0.099822 56.405572 115.149303 1.031179 
0.099820 56.410727 115.129323 1.031234 
0.100158 56.411334 115.107159 1.031026 
0.099940 56.411308 115.089330 1.031102 
0.100033 56.415165 115.073099 1.031103 
0.100029 56.424736 115.070019 1.031128 
0.100216 56.418205 115.066935 1.031282 
0.100045 56.422213 115.073428 1.031156 
0.100354 56.423789 115.087774 1.031269 
0.100353 56.421094 115.112654 1.031205 
0.100621 56.430547 115.151305 1.031202 
0.100480 56.432575 115.182834 1.031134 
0.100972 56.440350 115.237742 1.031105 
0.100936 56.443982 115.296570 1.031304 
0.101262 56.444073 115.362874 1.031112 
0.101408 56.448497 115.429206 1.031167 
0.101425 56.453077 115.503914 1.031128 
0.101594 56.461580 115.587304 1.031124 
0.102109 56.457491 115.673897 1.030956 
0.102491 56.459312 115.763197 1.031045 
0.102282 56.467721 115.870695 1.030963 
0.103023 56.477754 115.978472 1.030918 
0.103247 56.474083 116.082687 1.030962 
