0.107005 61.573108 134.953922 1.031385 
0.106806 62.316329 133.145427 1.031218 
0.106922 62.324551 133.143440 1.031206 
0.106693 62.332355 133.130697 1.031359 
0.106467 62.325790 133.121229 1.031297 
0.106340 62.328169 133.110620 1.031294 
0.106149 62.326490 133.096388 1.031344 
0.106224 62.327976 133.085765 1.031234 
0.105797 62.331224 133.078279 1.031217 
0.106016 62.332601 133.066857 1.031109 
0.105499 62.331128 133.056786 1.031170 
0.105699 62.331471 133.051281 1.031214 
0.105623 62.332421 133.038267 1.031017 
0.105584 62.329891 133.028466 1.031200 
0.105356 62.333299 133.016935 1.031332 
0.105247 62.326419 133.011592 1.031225 
0.105398 62.338730 133.006335 1.031126 
0.105257 62.329540 132.989464 1.031083 
0.105103 62.331578 132.984714 1.031088 
0.104696 62.326361 132.957648 1.031056 
0.105008 62.332219 132.965866 1.031176 
0.104746 62.334671 132.951593 1.031289 
0.104912 62.329652 132.941995 1.031256 
0.104507 62.334438 132.933663 1.031133 
0.104822 62.326212 132.922258 1.031104 
0.104531 62.324692 132.914612 1.031156 
0.104577 62.335253 132.912532 1.031015 
0.104562 62.336091 132.909613 1.031012 
0.104543 62.337508 132.897626 1.030990 
0.104145 62.334713 132.894188 1.031138 
0.104281 62.340873 132.886491 1.031279 
0.104259 62.330789 132.879928 1.031171 
0.104253 62.333416 132.866425 1.031256 
0.104083 62.335946 132.864610 1.031226 
0.104276 62.333918 132.858809 1.031382 
0.104375 62.337527 132.859115 1.031204 
0.104303 62.340946 132.842313 1.031148 
0.104256 62.338972 132.840812 1.031316 
0.104295 62.334719 132.831785 1.031099 
0.104188 62.340736 132.820237 1.031328 
0.104316 62.336584 132.817063 1.031254 
0.104611 62.340286 132.804382 1.031258 
0.104510 62.342235 132.796654 1.031181 
0.104536 62.338867 132.787237 1.031245 
0.104643 62.345899 132.783760 1.031199 
0.104558 62.345947 132.779110 1.031179 
0.104607 62.344226 132.766411 1.031215 
0.104684 62.349833 132.763445 1.031355 
0.104632 62.348631 132.759033 1.031290 
0.104869 62.347133 132.750961 1.031157 
0.104704 62.349128 132.739657 1.031163 
0.104822 62.349561 132.739358 1.031324 
0.104934 62.350445 132.730071 1.031139 
0.104986 62.349969 132.717011 1.031203 
0.104794 62.345056 132.717910 1.031094 
0.105034 62.348340 132.702658 1.031279 
0.105032 62.359380 132.699776 1.031378 
0.104915 62.360966 132.685584 1.031268 
0.104953 62.357786 132.684120 1.031210 
0.104991 62.351977 132.684864 1.031348 
0.105017 62.356916 132.674658 1.031118 
0.104860 62.365783 132.663822 1.031238 
0.105034 62.364081 132.647131 1.031234 
0.104734 62.361248 132.635435 1.031341 
0.105089 62.357796 132.631225 1.031067 
0.104894 62.364416 132.623156 1.031119 
0.104895 62.355563 132.608954 1.031055 
0.104915 62.361809 132.599774 1.031046 
0.104919 62.360732 132.585050 1.031050 
0.104906 62.356871 132.576832 1.031144 
0.104953 62.352151 132.567533 1.031333 
0.104992 62.357112 132.554975 1.031455 
0.105016 62.351406 132.536667 1.031459 
0.104957 62.355755 132.530417 1.031269 
0.105113 62.344750 132.524437 1.031391 
0.105263 62.351673 132.517046 1.031432 
0.105355 62.356289 132.499416 1.031415 
0.105045 62.351163 132.502171 1.031259 
0.105345 62.357365 132.479656 1.031477 
0.105453 62.349079 132.471257 1.031542 
0.105320 62.352922 132.463877 1.031605 
0.105399 62.348659 132.452300 1.031634 
0.105355 62.348346 132.442149 1.031372 
0.105320 62.350825 132.430785 1.031431 
0.105197 62.348142 132.418587 1.031396 
0.105530 62.344534 132.415762 1.031488 
0.105329 62.341972 132.402133 1.031337 
0.105513 62.341909 132.392157 1.031376 
0.105249 62.341778 132.384665 1.031264 
0.105360 62.343697 132.374193 1.031335 
0.105299 62.348192 132.375380 1.031251 
0.105403 62.347783 132.354162 1.031541 
0.105189 62.349974 132.350038 1.031434 
0.105375 62.356325 132.341502 1.031227 
0.105267 62.360132 132.329037 1.031078 
0.105421 62.359402 132.317619 1.031308 
0.105478 62.358910 132.305151 1.031203 
0.105345 62.368851 132.290193 1.031510 
0.105084 62.367389 132.278203 1.031453 
0.105210 62.372455 132.270266 1.031383 
0.105148 62.372073 132.253015 1.031253 
0.105251 62.376089 132.240042 1.031444 
0.105067 62.379006 132.225985 1.031428 
0.105087 62.372208 132.217457 1.031254 
0.105192 62.384156 132.214100 1.031394 
0.105149 62.386707 132.202797 1.031278 
0.105413 62.390382 132.188045 1.031318 
0.105157 62.394751 132.180072 1.031457 
0.105232 62.390683 132.163890 1.031399 
0.105246 62.395793 132.165667 1.031285 
0.105040 62.405491 132.150811 1.031272 
0.105107 62.401059 132.143887 1.031257 
0.105087 62.399504 132.139142 1.031372 
0.105268 62.402336 132.129474 1.031473 
0.105239 62.396629 132.120436 1.031161 
0.105176 62.403216 132.112116 1.031176 
0.105035 62.399539 132.112023 1.031306 
0.105330 62.397647 132.102150 1.031312 
0.105132 62.401369 132.091833 1.031558 
0.105205 62.397778 132.086167 1.031490 
0.105044 62.399236 132.078034 1.031450 
0.105183 62.396406 132.074735 1.031407 
0.105050 62.405128 132.076194 1.031288 
0.105170 62.407365 132.056341 1.031348 
0.104981 62.407882 132.056044 1.031175 
0.105246 62.405483 132.047346 1.031286 
0.104875 62.405850 132.042790 1.031254 
0.104967 62.404524 132.032720 1.031297 
0.105345 62.406959 132.030204 1.031228 
0.105075 62.408039 132.017431 1.031364 
0.105017 62.409071 132.008802 1.031298 
0.105182 62.414998 132.007113 1.031221 
0.105142 62.407506 131.992747 1.031350 
0.105029 62.418272 131.999118 1.031509 
0.105154 62.413080 131.987839 1.031323 
0.104922 62.404431 131.985111 1.031162 
0.105032 62.405881 131.983349 1.031268 
0.105047 62.402735 131.971482 1.031349 
0.104985 62.407642 131.977293 1.031339 
0.105012 62.400350 131.958520 1.031489 
0.105034 62.406015 131.963041 1.031519 
0.105115 62.409155 131.965977 1.031291 
0.104848 62.410001 131.962279 1.031319 
0.105076 62.407469 131.960734 1.031338 
0.104909 62.413301 131.956862 1.031325 
0.104733 62.406698 131.955004 1.031271 
0.104980 62.413105 131.941505 1.031233 
0.105100 62.408081 131.942329 1.031314 
0.104811 62.413085 131.940618 1.031273 
0.105040 62.411176 131.937418 1.031353 
0.105062 62.414110 131.942925 1.031498 
0.104901 62.414542 131.934497 1.031233 
0.105099 62.406361 131.930909 1.031466 
0.105151 62.402653 131.925507 1.031332 
0.104969 62.414850 131.932043 1.031440 
0.105009 62.417147 131.921818 1.031285 
0.105049 62.414735 131.920711 1.031192 
0.105261 62.414062 131.917700 1.031486 
0.105094 62.411608 131.911716 1.031322 
0.105258 62.418413 131.908545 1.031361 
0.105364 62.409782 131.907797 1.031257 
0.105038 62.420690 131.901887 1.031367 
0.105342 62.413566 131.908661 1.031415 
0.105224 62.413316 131.900231 1.031279 
0.105269 62.411244 131.896134 1.031257 
0.105077 62.410588 131.893899 1.031299 
0.105418 62.414750 131.889816 1.031130 
0.105353 62.422954 131.897914 1.031282 
0.105327 62.419298 131.899175 1.031254 
0.105228 62.421624 131.890073 1.031255 
0.105240 62.422399 131.887361 1.031390 
0.105143 62.420393 131.881158 1.031240 
0.105293 62.413959 131.882518 1.031411 
0.105456 62.423342 131.884139 1.031481 
0.105398 62.417605 131.878083 1.031368 
0.105334 62.422347 131.871098 1.031442 
0.105220 62.427493 131.864819 1.031367 
0.105342 62.421536 131.868000 1.031247 
0.105363 62.422143 131.865146 1.031525 
0.105103 62.423386 131.861953 1.031544 
0.105277 62.427727 131.867873 1.031599 
0.105205 62.423206 131.865416 1.031360 
0.105056 62.418520 131.859957 1.031511 
0.105336 62.426026 131.847257 1.031441 
0.105126 62.426631 131.849694 1.031371 
0.105019 62.426207 131.834623 1.031325 
0.105184 62.428176 131.840822 1.031313 
0.105113 62.432426 131.834757 1.031539 
0.104980 62.430518 131.834537 1.031201 
0.105073 62.424604 131.828626 1.031534 
0.105081 62.424883 131.822128 1.031337 
0.105093 62.426803 131.823387 1.031564 
0.105118 62.425571 131.807075 1.031263 
0.105009 62.426784 131.807806 1.031151 
0.105076 62.433526 131.807635 1.031179 
0.104787 62.426428 131.797387 1.031204 
0.104922 62.429751 131.803985 1.031397 
0.104868 62.419452 131.793532 1.031366 
0.104953 62.426140 131.789201 1.031479 
0.104733 62.425981 131.786881 1.031295 
