0.152776 63.432551 177.982261 1.031122 
0.197768 64.125450 212.150478 1.031325 
0.197637 64.119309 212.192633 1.031149 
0.197752 64.125422 212.244327 1.031127 
0.197676 64.128322 212.302419 1.031031 
0.197734 64.130328 212.358227 1.031130 
0.197938 64.125945 212.409557 1.031189 
0.197968 64.135544 212.463922 1.031021 
0.198012 64.136373 212.518673 1.031045 
0.197780 64.133133 212.568323 1.031168 
0.197955 64.138852 212.621557 1.031190 
0.198184 64.140905 212.666553 1.031101 
0.198072 64.141562 212.717838 1.031237 
0.198225 64.138204 212.769208 1.031134 
0.198252 64.140646 212.815130 1.031045 
0.198286 64.144750 212.864280 1.031131 
0.198228 64.145240 212.904198 1.031252 
0.198418 64.144867 212.958198 1.031138 
0.198183 64.143424 213.005441 1.031197 
0.198377 64.146653 213.053735 1.031214 
0.198392 64.154221 213.101970 1.031171 
0.198304 64.153263 213.141478 1.031057 
0.198346 64.155766 213.184493 1.031141 
0.198526 64.153187 213.229763 1.031156 
0.198410 64.149429 213.271317 1.031122 
0.198313 64.157830 213.301283 1.031153 
0.198508 64.153614 213.349376 1.031158 
0.198500 64.162471 213.388163 1.031161 
0.198721 64.159138 213.418108 1.031201 
0.198445 64.161230 213.451851 1.031261 
0.198640 64.156464 213.493451 1.031004 
0.198835 64.164005 213.535420 1.031007 
0.198696 64.160772 213.567775 1.031122 
0.198870 64.161174 213.617199 1.031111 
0.198768 64.166740 213.651427 1.031167 
0.198886 64.161403 213.697352 1.031142 
0.198996 64.168116 213.735116 1.031007 
0.199029 64.166954 213.785434 1.031267 
0.198803 64.171333 213.833188 1.031158 
0.198973 64.174759 213.865776 1.031171 
0.199063 64.172825 213.905424 1.031225 
0.199008 64.176613 213.947665 1.031040 
0.198795 64.177993 213.992626 1.031159 
0.198929 64.176422 214.019713 1.031170 
0.198973 64.175538 214.059019 1.031242 
0.198936 64.174764 214.103755 1.030973 
0.198910 64.179351 214.137556 1.031056 
0.198962 64.187352 214.163913 1.031152 
0.199044 64.188697 214.204656 1.031044 
0.199152 64.181626 214.229182 1.031088 
0.198918 64.187886 214.262101 1.031115 
0.199022 64.195805 214.294709 1.031282 
0.199089 64.197894 214.333367 1.031162 
0.198969 64.195035 214.358032 1.031168 
0.199061 64.195252 214.397235 1.030972 
0.198996 64.193940 214.426840 1.030982 
0.198962 64.201883 214.472803 1.031005 
0.199214 64.199091 214.499128 1.031097 
0.198863 64.203538 214.540401 1.031175 
0.199250 64.207449 214.576096 1.031159 
0.199097 64.206660 214.608667 1.031133 
0.199191 64.207774 214.643978 1.031226 
0.199172 64.216284 214.676748 1.031200 
0.199462 64.211763 214.712200 1.031232 
0.199134 64.210411 214.738317 1.030961 
0.199280 64.218487 214.772370 1.031230 
0.199535 64.222246 214.811917 1.031172 
0.199429 64.223035 214.845918 1.031045 
0.199440 64.224606 214.877220 1.030860 
0.199495 64.219742 214.900415 1.030939 
0.199689 64.227552 214.933563 1.031051 
0.199389 64.225722 214.972747 1.031100 
0.199577 64.232053 215.005677 1.031233 
0.199519 64.230827 215.033395 1.031210 
0.199670 64.233171 215.073599 1.031159 
0.199601 64.243011 215.115677 1.031059 
0.199655 64.243827 215.144540 1.030987 
0.199625 64.236467 215.185775 1.031082 
0.199914 64.236253 215.207334 1.030950 
0.199481 64.242407 215.234313 1.031086 
0.199698 64.239343 215.272699 1.031050 
0.199771 64.248268 215.301460 1.031117 
0.199982 64.240399 215.331208 1.031101 
0.199630 64.243707 215.364634 1.031011 
0.200035 64.254472 215.401241 1.031122 
0.199659 64.249562 215.430377 1.031171 
0.199738 64.248056 215.462741 1.031306 
0.199743 64.256369 215.497783 1.031013 
0.199988 64.252410 215.531627 1.031062 
0.199708 64.257333 215.567928 1.031038 
0.199629 64.267045 215.601662 1.031089 
0.199711 64.273409 215.633131 1.031196 
0.199776 64.265509 215.661603 1.031036 
0.199433 64.268125 215.702691 1.031397 
0.199489 64.271766 215.730278 1.031200 
0.199651 64.280220 215.755778 1.031275 
0.199466 64.290150 215.794948 1.031193 
0.199406 64.286732 215.827938 1.031196 
0.199533 64.282582 215.846813 1.031233 
0.199255 64.285018 215.888188 1.031171 
0.199251 64.290531 215.924989 1.031149 
0.199337 64.280088 215.943569 1.031064 
0.199408 64.285525 215.970996 1.030979 
0.199100 64.287942 215.995492 1.031203 
0.199306 64.293328 216.029306 1.031234 
0.199221 64.289829 216.049278 1.031047 
0.199334 64.292210 216.070615 1.031156 
0.199160 64.293556 216.099880 1.031005 
0.199236 64.304010 216.133141 1.030963 
0.199001 64.294466 216.163409 1.030945 
0.198900 64.295414 216.184906 1.031199 
0.198820 64.299862 216.207896 1.031171 
0.198824 64.297794 216.237330 1.031169 
0.198892 64.295686 216.254722 1.031242 
0.198995 64.299448 216.289877 1.031126 
0.198824 64.307133 216.315256 1.030908 
0.198908 64.297585 216.346074 1.031062 
0.198693 64.293650 216.365019 1.031142 
0.198879 64.303404 216.399944 1.031175 
0.198743 64.305747 216.424573 1.031137 
0.198778 64.305651 216.455459 1.031021 
0.198812 64.303552 216.479748 1.031093 
0.198662 64.305604 216.510882 1.031010 
0.198949 64.294898 216.529216 1.030947 
0.198938 64.306401 216.560817 1.031097 
0.198941 64.307561 216.594329 1.031206 
0.198966 64.304726 216.616365 1.031141 
0.198974 64.299761 216.640091 1.031333 
0.199079 64.310732 216.668568 1.030983 
0.199107 64.300548 216.705727 1.030981 
0.199150 64.307843 216.729907 1.031008 
0.199139 64.307315 216.758129 1.030865 
0.199164 64.302922 216.783139 1.030989 
0.199076 64.311958 216.810633 1.030946 
0.199216 64.304035 216.844880 1.031015 
0.199114 64.310507 216.870440 1.030934 
0.199524 64.314349 216.903938 1.031219 
0.199141 64.314202 216.935924 1.031082 
0.199492 64.306960 216.948621 1.031033 
0.199470 64.315294 216.985311 1.031131 
0.199376 64.315531 217.017497 1.030995 
0.199763 64.317291 217.042570 1.031081 
0.199487 64.313010 217.069736 1.030947 
0.199710 64.313697 217.091813 1.031287 
0.199576 64.316107 217.126358 1.031177 
0.199805 64.312374 217.153481 1.031191 
0.199739 64.316550 217.181196 1.031226 
0.199751 64.314601 217.220467 1.031246 
0.199873 64.314684 217.237107 1.031292 
0.199607 64.318143 217.269082 1.031297 
0.199790 64.319376 217.304290 1.031129 
0.199645 64.323208 217.334536 1.031036 
0.200021 64.323883 217.363741 1.031060 
0.199871 64.323617 217.392981 1.030995 
0.199641 64.328208 217.425403 1.031013 
0.199877 64.327398 217.452462 1.031189 
0.200072 64.326225 217.476859 1.031130 
0.199790 64.325956 217.508049 1.031114 
0.199930 64.326027 217.531262 1.031160 
0.199995 64.332838 217.559449 1.031164 
0.200065 64.328224 217.578685 1.030899 
0.199942 64.332544 217.608002 1.031210 
0.200037 64.329366 217.628758 1.030998 
0.200198 64.341114 217.640993 1.031005 
0.200045 64.338417 217.676313 1.031097 
0.200017 64.336914 217.692524 1.031197 
0.200218 64.340562 217.725337 1.031035 
0.200211 64.336068 217.742421 1.031049 
0.200286 64.334525 217.765153 1.031065 
0.200315 64.338850 217.797307 1.031117 
0.200457 64.343183 217.820367 1.030845 
0.200122 64.339009 217.850020 1.030876 
0.200393 64.343886 217.868698 1.030937 
0.200700 64.340648 217.891611 1.030929 
0.200610 64.341672 217.923511 1.031067 
0.200577 64.339568 217.948811 1.031161 
0.200690 64.347069 217.975462 1.031092 
0.200705 64.344063 218.000048 1.031065 
0.200848 64.340997 218.011480 1.031251 
0.200614 64.338463 218.040991 1.031159 
0.200949 64.353620 218.071598 1.031134 
0.201037 64.353091 218.091360 1.031244 
0.200637 64.339701 218.124911 1.031173 
0.200938 64.345438 218.145900 1.031152 
0.200911 64.352672 218.166139 1.031224 
0.200972 64.348375 218.182228 1.030846 
0.200978 64.362559 218.208487 1.030990 
0.201024 64.358823 218.224312 1.031017 
0.200995 64.354395 218.240940 1.031152 
0.200988 64.352511 218.260757 1.031029 
0.200795 64.352520 218.285560 1.030866 
0.201013 64.356580 218.304793 1.030937 
0.201111 64.352885 218.331998 1.031298 
0.201156 64.360128 218.343776 1.031202 
0.201213 64.369165 218.367534 1.031160 
0.201200 64.356182 218.375868 1.031105 
0.201298 64.358326 218.390650 1.030984 
0.201128 64.363127 218.412802 1.031131 
0.201403 64.360702 218.439074 1.031222 
0.201023 64.363514 218.453731 1.030977 
