0.189383 57.789973 181.250744 1.031275 
0.202858 59.759611 215.620679 1.031084 
0.202660 59.763386 215.574882 1.031215 
0.202559 59.764398 215.526716 1.030901 
0.202529 59.763417 215.480502 1.031021 
0.202061 59.767507 215.435264 1.031060 
0.202125 59.776042 215.383377 1.031000 
0.202095 59.782939 215.341754 1.031081 
0.201938 59.779311 215.295110 1.031239 
0.201747 59.776315 215.246586 1.030921 
0.201601 59.778368 215.214918 1.030994 
0.201480 59.786714 215.167337 1.031131 
0.201193 59.777089 215.113398 1.031190 
0.201268 59.774088 215.078105 1.031245 
0.200920 59.783547 215.026793 1.031216 
0.200983 59.786428 214.981306 1.031028 
0.200886 59.790309 214.942930 1.031150 
0.200657 59.794526 214.894147 1.030979 
0.200721 59.788495 214.860156 1.031153 
0.200299 59.783911 214.811791 1.031191 
0.200669 59.796330 214.779444 1.031308 
0.200347 59.800953 214.740769 1.031213 
0.200290 59.801783 214.699097 1.031186 
0.200404 59.807504 214.668625 1.031125 
0.200392 59.811054 214.634827 1.031262 
0.200004 59.813514 214.602004 1.031336 
0.200073 59.812425 214.568812 1.031106 
0.200237 59.829644 214.534581 1.031320 
0.200071 59.820088 214.510424 1.031178 
0.199781 59.826854 214.474685 1.030965 
0.199698 59.825295 214.441689 1.030956 
0.199856 59.827056 214.407689 1.030964 
0.199660 59.831125 214.375252 1.030948 
0.199738 59.832300 214.347511 1.030817 
0.199543 59.836253 214.311934 1.030988 
0.199616 59.832238 214.269008 1.031076 
0.199449 59.829611 214.237970 1.031077 
0.199575 59.834701 214.200839 1.031068 
0.199183 59.835336 214.167711 1.031070 
0.199105 59.832898 214.132265 1.031057 
0.199050 59.833028 214.102294 1.031207 
0.198882 59.831619 214.056548 1.031003 
0.198919 59.835986 214.021858 1.030985 
0.198930 59.836106 213.980371 1.031015 
0.198911 59.834226 213.949553 1.030952 
0.198409 59.825413 213.911376 1.030912 
0.198469 59.827609 213.886145 1.031234 
0.198460 59.823891 213.851605 1.031276 
0.198252 59.824948 213.811495 1.031133 
0.198125 59.825792 213.769406 1.031143 
0.198402 59.823530 213.742212 1.031072 
0.198170 59.821212 213.709062 1.031166 
0.197962 59.814888 213.673610 1.031133 
0.197855 59.815531 213.637303 1.030885 
0.197823 59.816381 213.609074 1.031027 
0.197920 59.814782 213.567228 1.031077 
0.197824 59.813898 213.531566 1.031276 
0.197537 59.809549 213.491940 1.031185 
0.197508 59.814459 213.457739 1.031289 
0.197623 59.806337 213.418762 1.031441 
0.197371 59.804608 213.385586 1.031137 
0.197691 59.808368 213.340940 1.031381 
0.197432 59.799442 213.309835 1.031373 
0.197553 59.802044 213.272975 1.031226 
0.197584 59.801183 213.244747 1.031318 
0.197348 59.800823 213.205062 1.031264 
0.197308 59.799914 213.172696 1.030949 
0.197683 59.799859 213.139733 1.030898 
0.197488 59.799126 213.100657 1.031267 
0.197452 59.799224 213.062643 1.031216 
0.197285 59.791988 213.020804 1.031267 
0.197355 59.790427 212.989067 1.030997 
0.197326 59.798587 212.948337 1.031056 
0.197419 59.798330 212.909955 1.030993 
0.197403 59.800146 212.873966 1.031120 
0.197426 59.802809 212.842886 1.030939 
0.197298 59.803858 212.800031 1.030981 
0.197319 59.802564 212.767137 1.031048 
0.197210 59.799915 212.736232 1.031018 
0.197296 59.806642 212.705225 1.030894 
0.197533 59.803806 212.674258 1.031134 
0.197497 59.800925 212.643814 1.031004 
0.197335 59.797414 212.614933 1.031024 
0.197344 59.803380 212.586513 1.031017 
0.197648 59.804072 212.564798 1.030996 
0.197490 59.807061 212.545636 1.030909 
0.197578 59.799266 212.515556 1.031076 
0.197487 59.803236 212.492125 1.030975 
0.197437 59.798697 212.457072 1.031142 
0.197447 59.799063 212.439113 1.031225 
0.197577 59.800258 212.407914 1.031084 
0.197488 59.798982 212.387905 1.031170 
0.197394 59.797910 212.361647 1.031031 
0.197223 59.805011 212.343656 1.031256 
0.197615 59.793071 212.318446 1.031150 
0.197594 59.797174 212.291654 1.031246 
0.197484 59.795881 212.267486 1.031111 
0.197285 59.801160 212.232858 1.031149 
0.197751 59.800110 212.207106 1.031042 
0.197825 59.793801 212.178891 1.030870 
0.197375 59.788212 212.149307 1.031032 
0.197651 59.790127 212.134314 1.030959 
0.197605 59.788126 212.105481 1.030921 
0.197595 59.791105 212.075928 1.031033 
0.197492 59.799600 212.047355 1.030976 
0.197386 59.793748 212.028117 1.030983 
0.197745 59.793622 212.004007 1.030999 
0.197977 59.787983 211.975939 1.031219 
0.197541 59.788569 211.949245 1.031253 
0.197639 59.789303 211.927843 1.031102 
0.197624 59.788785 211.907709 1.031182 
0.197620 59.786025 211.875749 1.031336 
0.197647 59.786890 211.847270 1.031068 
0.197537 59.788878 211.815205 1.030988 
0.197613 59.795128 211.795762 1.030837 
0.197487 59.793297 211.762421 1.031117 
0.197720 59.787768 211.737927 1.031157 
0.197663 59.786771 211.719945 1.030933 
0.197565 59.789789 211.683695 1.031160 
0.197654 59.791490 211.666360 1.030986 
0.197209 59.797775 211.641470 1.031044 
0.197453 59.792464 211.611372 1.031093 
0.197590 59.791554 211.589060 1.031048 
0.197558 59.797370 211.559628 1.031006 
0.197422 59.797534 211.528887 1.030827 
0.197613 59.794216 211.507473 1.030996 
0.197237 59.789702 211.467577 1.030950 
0.197217 59.796635 211.443858 1.031123 
0.197345 59.795418 211.417581 1.031263 
0.197236 59.799975 211.381650 1.031015 
0.197405 59.796962 211.362723 1.031337 
0.196966 59.791712 211.332188 1.031165 
0.197164 59.794818 211.303486 1.031035 
0.197059 59.802854 211.278186 1.030970 
0.197084 59.804979 211.266876 1.031191 
0.197243 59.803135 211.249286 1.031017 
0.196967 59.800349 211.221487 1.031034 
0.196924 59.799731 211.204725 1.031177 
0.196936 59.804580 211.174808 1.031132 
0.196718 59.799715 211.152723 1.031067 
0.196426 59.809199 211.130780 1.030913 
0.196341 59.813885 211.114449 1.030981 
0.196513 59.814653 211.086485 1.031092 
0.196386 59.814287 211.063589 1.031179 
0.196407 59.816265 211.035309 1.031164 
0.196335 59.816547 211.016556 1.030929 
0.195901 59.819965 210.999657 1.031179 
0.195937 59.823584 210.970814 1.031041 
0.196046 59.821338 210.944491 1.031029 
0.195814 59.820908 210.932482 1.030833 
0.195798 59.830453 210.907949 1.030823 
0.195782 59.824278 210.890232 1.030961 
0.195811 59.816997 210.868199 1.031131 
0.195884 59.828658 210.848598 1.031129 
0.195467 59.824741 210.825593 1.031132 
0.195607 59.829765 210.805330 1.030964 
0.195412 59.829091 210.793793 1.031101 
0.195601 59.824329 210.778897 1.031073 
0.195421 59.838686 210.759485 1.031235 
0.195402 59.835550 210.739601 1.030938 
0.195325 59.836227 210.722544 1.031056 
0.195604 59.840902 210.711685 1.031080 
0.195420 59.840796 210.701114 1.031043 
0.195593 59.841268 210.679207 1.031010 
0.195368 59.849063 210.661611 1.030957 
0.195331 59.840904 210.653477 1.031145 
0.195770 59.850255 210.629165 1.031092 
0.195330 59.849858 210.612353 1.030886 
0.195412 59.859804 210.603221 1.030880 
0.195340 59.856708 210.589573 1.030887 
0.195263 59.856180 210.574604 1.031034 
0.195460 59.854736 210.565265 1.031008 
0.195417 59.857713 210.546971 1.030883 
0.195200 59.862114 210.527080 1.031073 
0.195343 59.861168 210.514594 1.031053 
0.195703 59.861241 210.499086 1.030971 
0.195509 59.856621 210.489565 1.031054 
0.195731 59.865055 210.486093 1.031278 
0.195484 59.866164 210.477012 1.031073 
0.195544 59.866917 210.455322 1.031010 
0.195688 59.870331 210.438922 1.031101 
0.195670 59.865377 210.441394 1.031298 
0.195914 59.874205 210.421668 1.031339 
0.195744 59.875387 210.419439 1.031486 
0.195824 59.867950 210.414345 1.031086 
0.196038 59.874461 210.398602 1.031229 
0.196045 59.874855 210.400266 1.031245 
0.196240 59.875272 210.390585 1.031170 
0.196088 59.873021 210.387762 1.031149 
0.196154 59.872481 210.379719 1.030948 
0.196317 59.868835 210.371043 1.030946 
0.196376 59.883015 210.363270 1.031101 
0.196038 59.872103 210.357194 1.031043 
0.196211 59.877764 210.358739 1.031334 
0.196291 59.876043 210.350418 1.031159 
0.196503 59.869886 210.345256 1.031151 
0.196191 59.876377 210.333088 1.031346 
0.196270 59.876315 210.326571 1.031342 
0.196454 59.873731 210.322140 1.031245 
0.196313 59.871147 210.315441 1.031088 
