0.145661 54.004211 130.494002 1.031336 
0.143758 54.658861 140.435408 1.031357 
0.143540 54.660655 140.444451 1.031144 
0.143844 54.654083 140.462591 1.031159 
0.143679 54.655353 140.478048 1.031285 
0.143846 54.668708 140.494123 1.031378 
0.143831 54.675856 140.513324 1.031082 
0.143908 54.677752 140.522862 1.031314 
0.144196 54.672602 140.538317 1.031097 
0.143835 54.676734 140.549213 1.031270 
0.144247 54.686279 140.568521 1.031173 
0.144258 54.685160 140.578669 1.031188 
0.144357 54.698393 140.599374 1.031310 
0.144264 54.701657 140.619368 1.031129 
0.144138 54.699529 140.629786 1.031415 
0.144568 54.707305 140.642253 1.031077 
0.144490 54.715097 140.659058 1.031328 
0.144394 54.715787 140.670858 1.031139 
0.144551 54.715950 140.685361 1.031206 
0.144380 54.723033 140.707657 1.031231 
0.144402 54.730805 140.725432 1.031384 
0.144411 54.731667 140.729593 1.031149 
0.144378 54.733506 140.732118 1.031178 
0.144411 54.739330 140.754035 1.031167 
0.144748 54.738056 140.773140 1.031010 
0.144380 54.743180 140.790036 1.031245 
0.144335 54.744612 140.800565 1.031422 
0.144528 54.743710 140.815328 1.031310 
0.144486 54.746321 140.829731 1.031199 
0.144505 54.747045 140.836365 1.031260 
0.144595 54.763599 140.854993 1.031081 
0.144419 54.759528 140.859601 1.031295 
0.144439 54.763714 140.879439 1.031256 
0.144447 54.763683 140.886038 1.031267 
0.144653 54.766221 140.904505 1.031156 
0.144413 54.769466 140.920696 1.031205 
0.144177 54.763936 140.939494 1.031180 
0.144471 54.774862 140.936304 1.031217 
0.144305 54.769048 140.954738 1.031262 
0.144383 54.785277 140.968389 1.031188 
0.144528 54.783601 140.983367 1.031204 
0.144077 54.784414 141.001403 1.031162 
0.144187 54.787506 141.009670 1.031167 
0.144195 54.791028 141.032469 1.031278 
0.144124 54.794324 141.041979 1.031380 
0.144143 54.797572 141.059223 1.031318 
0.144299 54.802109 141.077222 1.031401 
0.144029 54.804326 141.101478 1.031202 
0.144484 54.810035 141.128633 1.031092 
0.144173 54.819763 141.149271 1.031112 
0.144261 54.817435 141.166471 1.031087 
0.144388 54.815599 141.186835 1.031098 
0.144159 54.813189 141.205431 1.031152 
0.144128 54.819149 141.212955 1.031184 
0.144547 54.823211 141.235079 1.031198 
0.144345 54.820337 141.244093 1.031458 
0.144224 54.828897 141.260853 1.031233 
0.144483 54.828177 141.276682 1.031035 
0.144523 54.829939 141.293984 1.031017 
0.144393 54.823710 141.306086 1.031106 
0.144469 54.834333 141.321641 1.031161 
0.144168 54.833612 141.336157 1.030992 
0.144575 54.843482 141.356953 1.030992 
0.144582 54.837103 141.369910 1.031080 
0.144755 54.843643 141.385361 1.031126 
0.144536 54.844523 141.401291 1.031108 
0.144531 54.849934 141.424360 1.031221 
0.144559 54.849100 141.433318 1.031163 
0.144606 54.844961 141.457317 1.031251 
0.144328 54.849236 141.468409 1.031005 
0.144754 54.858981 141.485878 1.030968 
0.144550 54.849595 141.491720 1.031016 
0.144367 54.853498 141.507699 1.030986 
0.144709 54.858995 141.527117 1.030863 
0.144676 54.860093 141.543688 1.030897 
0.144424 54.863054 141.547011 1.031231 
0.144427 54.872888 141.564379 1.031049 
0.144572 54.876194 141.582339 1.031295 
0.144616 54.870503 141.595713 1.031258 
0.144811 54.869016 141.616070 1.030988 
0.144662 54.875312 141.628352 1.031018 
0.144683 54.883263 141.645017 1.031146 
0.144329 54.882510 141.658414 1.031113 
0.144478 54.885204 141.664553 1.031425 
0.144783 54.894559 141.676958 1.031247 
0.144607 54.893021 141.686059 1.031190 
0.144876 54.895781 141.695390 1.031109 
0.144612 54.904165 141.705354 1.031206 
0.145031 54.906088 141.712725 1.031205 
0.144870 54.911096 141.724399 1.031149 
0.144956 54.909705 141.735722 1.031190 
0.144631 54.910829 141.737201 1.031208 
0.144838 54.913018 141.746825 1.031294 
0.144895 54.913281 141.753268 1.031104 
0.144808 54.917174 141.757357 1.031127 
0.145043 54.922677 141.761226 1.031221 
0.144565 54.928161 141.766257 1.031098 
0.145067 54.930251 141.777958 1.030972 
0.145094 54.932624 141.784423 1.031150 
0.144878 54.936153 141.793290 1.031196 
0.144675 54.934559 141.790339 1.031137 
0.144905 54.939432 141.804768 1.031148 
0.145175 54.937922 141.809319 1.031095 
0.145002 54.941093 141.819755 1.031119 
0.145109 54.948785 141.817929 1.031168 
0.144782 54.952238 141.825221 1.031358 
0.144992 54.949883 141.840424 1.031245 
0.144974 54.952115 141.840004 1.031227 
0.144927 54.957281 141.848264 1.031293 
0.145155 54.959790 141.856652 1.031394 
0.144852 54.968289 141.865015 1.031251 
0.145028 54.966507 141.865892 1.031312 
0.144927 54.968177 141.870383 1.031319 
0.144705 54.971594 141.872770 1.031283 
0.144958 54.973703 141.881408 1.031215 
0.144883 54.972821 141.886494 1.031137 
0.145391 54.973803 141.887993 1.031200 
0.145037 54.979128 141.886416 1.031087 
0.145039 54.988387 141.903242 1.031037 
0.145371 54.986742 141.897825 1.031174 
0.145110 54.984368 141.910371 1.031202 
0.145088 54.992316 141.906453 1.031191 
0.145207 54.996621 141.911051 1.031256 
0.145281 54.988581 141.923231 1.031204 
0.145040 54.997827 141.930553 1.031201 
0.145310 55.000197 141.933631 1.031313 
0.145009 55.004755 141.939825 1.031213 
0.145016 55.006784 141.953602 1.031270 
0.145207 55.011377 141.963597 1.031109 
0.145053 55.014311 141.975317 1.031299 
0.144884 55.012026 141.976220 1.031283 
0.145131 55.022351 141.980441 1.031241 
0.144889 55.020160 141.975953 1.031265 
0.145097 55.020244 141.992485 1.031303 
0.145036 55.019352 142.001202 1.031321 
0.145113 55.023623 142.007877 1.031251 
0.145220 55.033525 142.016099 1.031233 
0.145109 55.034648 142.023284 1.031146 
0.145108 55.028086 142.036588 1.031257 
0.144901 55.039741 142.040531 1.031541 
0.145131 55.035278 142.049737 1.031297 
0.145050 55.039904 142.055371 1.031354 
0.144934 55.038277 142.069576 1.031224 
0.144816 55.043521 142.072574 1.031256 
0.144684 55.046979 142.078247 1.031181 
0.144925 55.046599 142.088795 1.031292 
0.144988 55.046766 142.100041 1.031169 
0.144991 55.046022 142.103062 1.031143 
0.144766 55.048451 142.116934 1.031185 
0.144997 55.053237 142.127294 1.031210 
0.145032 55.057986 142.133673 1.031327 
0.144854 55.050742 142.149176 1.031191 
0.144601 55.053921 142.153843 1.031071 
0.144651 55.063931 142.167548 1.031244 
0.144680 55.062626 142.177976 1.031214 
0.144732 55.065288 142.189076 1.030920 
0.144491 55.072664 142.200885 1.031132 
0.144935 55.074637 142.204745 1.031285 
0.144561 55.069529 142.216123 1.031064 
0.144458 55.078975 142.214555 1.030928 
0.144724 55.073582 142.221857 1.030912 
0.144619 55.075167 142.236743 1.031069 
0.144542 55.081774 142.244487 1.031119 
0.144542 55.082649 142.258407 1.031212 
0.144383 55.082687 142.258407 1.031249 
0.144596 55.085818 142.271566 1.031174 
0.144624 55.088602 142.283633 1.031212 
0.144089 55.082329 142.283998 1.031284 
0.144403 55.086180 142.296689 1.031228 
0.144500 55.092064 142.315566 1.031133 
0.144366 55.097454 142.316838 1.031118 
0.143978 55.088912 142.334326 1.031298 
0.144398 55.093758 142.337376 1.031180 
0.144040 55.098333 142.338727 1.031288 
0.144434 55.097129 142.350107 1.031056 
0.144208 55.098016 142.365232 1.031345 
0.144229 55.096283 142.380095 1.031308 
0.143934 55.100845 142.376764 1.031204 
0.144444 55.102155 142.397134 1.031156 
0.144011 55.106948 142.396494 1.031174 
0.144282 55.100559 142.411081 1.031248 
0.144021 55.111773 142.420579 1.031123 
0.144219 55.112726 142.430551 1.031198 
0.144003 55.112811 142.445262 1.031276 
0.143924 55.117865 142.460530 1.031358 
0.144202 55.114338 142.472080 1.031121 
0.143945 55.117047 142.487687 1.031056 
0.143847 55.125522 142.494069 1.031233 
0.144026 55.124610 142.502703 1.031054 
0.143782 55.129086 142.515795 1.031244 
0.144003 55.130207 142.526497 1.031184 
0.143897 55.127789 142.537109 1.031207 
0.143852 55.132465 142.551824 1.031376 
0.143910 55.135128 142.558820 1.031075 
0.143684 55.132953 142.564862 1.031120 
0.143718 55.142694 142.570761 1.030905 
0.143610 55.138823 142.574510 1.030891 
0.143647 55.147648 142.584831 1.031227 
0.143336 55.150477 142.591516 1.031033 
0.143250 55.144504 142.594434 1.030956 
