0.196336 59.874715 210.302485 1.031050 
0.147901 60.296603 182.430902 1.031205 
0.147825 60.299166 182.352870 1.031017 
0.147755 60.295873 182.277655 1.031231 
0.147779 60.300230 182.186861 1.031217 
0.147695 60.295206 182.107859 1.031269 
0.147887 60.299368 182.034335 1.031183 
0.147667 60.300871 181.956814 1.031266 
0.147709 60.307648 181.874902 1.031227 
0.147788 60.314220 181.798798 1.031165 
0.147488 60.318078 181.727340 1.031050 
0.147606 60.312198 181.635307 1.031350 
0.147639 60.319076 181.570769 1.031379 
0.147575 60.320682 181.494821 1.031198 
0.147591 60.321419 181.417972 1.031357 
0.147296 60.326465 181.348816 1.031213 
0.147593 60.328086 181.267762 1.031312 
0.147378 60.322059 181.199155 1.031074 
0.147418 60.326442 181.124084 1.031184 
0.147307 60.332770 181.050041 1.031339 
0.147512 60.339638 180.979784 1.031085 
0.147620 60.341982 180.907835 1.031318 
0.147563 60.345787 180.843047 1.031367 
0.147745 60.342436 180.774262 1.031271 
0.147781 60.342702 180.705005 1.031142 
0.147877 60.349473 180.639145 1.031121 
0.147857 60.340440 180.569559 1.031096 
0.147889 60.347130 180.509932 1.031055 
0.147991 60.351515 180.446262 1.031176 
0.147913 60.356579 180.378300 1.031029 
0.147774 60.352937 180.311379 1.031133 
0.147961 60.356245 180.252426 1.031311 
0.148060 60.360285 180.187683 1.031205 
0.148175 60.359540 180.122367 1.031241 
0.148144 60.365226 180.065042 1.031367 
0.148159 60.362486 179.994404 1.031160 
0.148092 60.369777 179.935039 1.031203 
0.148319 60.371137 179.883101 1.031367 
0.148198 60.368459 179.822684 1.031367 
0.148290 60.373822 179.757872 1.031353 
0.148310 60.375475 179.696708 1.031102 
0.148363 60.371641 179.634597 1.031098 
0.148556 60.377289 179.582061 1.031299 
0.148421 60.373832 179.532870 1.031016 
0.148357 60.371162 179.470951 1.031136 
0.148418 60.372870 179.405972 1.031094 
0.148337 60.379561 179.367864 1.031207 
0.148671 60.379893 179.302695 1.031134 
0.148350 60.375552 179.252076 1.031062 
0.148696 60.385283 179.201591 1.031249 
0.148590 60.379105 179.153743 1.031243 
0.148610 60.384641 179.104584 1.031245 
0.148855 60.386314 179.058456 1.031117 
0.148693 60.381351 179.004995 1.030981 
0.148658 60.383748 178.950513 1.031294 
0.148758 60.379930 178.895690 1.031187 
0.148872 60.390558 178.853119 1.031350 
0.148658 60.380600 178.795498 1.031206 
0.148778 60.390603 178.744882 1.031182 
0.148815 60.381947 178.692001 1.031284 
0.148923 60.382300 178.646800 1.031252 
0.148763 60.384665 178.591668 1.031229 
0.148737 60.382701 178.531975 1.031095 
0.148940 60.385913 178.487786 1.031330 
0.148907 60.390030 178.436669 1.031265 
0.148757 60.384166 178.377851 1.031350 
0.148863 60.388793 178.333235 1.031179 
0.149050 60.388458 178.285425 1.031098 
0.148783 60.390105 178.233154 1.031236 
0.148815 60.393700 178.184481 1.031333 
0.148984 60.400809 178.139438 1.031308 
0.148824 60.398626 178.086815 1.031260 
0.149188 60.403821 178.040232 1.031376 
0.149292 60.404327 177.987354 1.031398 
0.148921 60.403458 177.932283 1.031393 
0.149045 60.405593 177.892498 1.031309 
0.149082 60.415104 177.837962 1.031286 
0.148901 60.420801 177.788730 1.031326 
0.149011 60.427866 177.741473 1.031197 
0.148814 60.431587 177.688733 1.031357 
0.148775 60.433041 177.634268 1.031323 
0.148981 60.443734 177.588340 1.031279 
0.148730 60.439825 177.534880 1.031302 
0.148838 60.441927 177.485256 1.031205 
0.148775 60.451579 177.434306 1.031248 
0.148421 60.445338 177.388937 1.031325 
0.148442 60.451455 177.344477 1.031492 
0.148383 60.449874 177.298709 1.031097 
0.148650 60.453446 177.246289 1.031267 
0.148276 60.459207 177.201087 1.031107 
0.148418 60.465784 177.162447 1.031244 
0.148427 60.472867 177.109457 1.031273 
0.148347 60.468192 177.076982 1.031265 
0.148163 60.461674 177.029440 1.031098 
0.148078 60.472163 176.981725 1.031228 
0.148259 60.477172 176.948115 1.031297 
0.148098 60.482191 176.900625 1.031302 
0.148052 60.483505 176.861697 1.031199 
0.148040 60.483677 176.820460 1.031265 
0.148113 60.485476 176.781124 1.031265 
0.148255 60.485883 176.741169 1.031197 
0.148046 60.493288 176.696372 1.031064 
0.147831 60.494072 176.658263 1.031156 
0.148232 60.493352 176.614832 1.031316 
0.147965 60.492965 176.586557 1.031391 
0.148055 60.499041 176.534420 1.031382 
0.147817 60.497477 176.505938 1.031580 
0.147935 60.496693 176.456451 1.031440 
0.147936 60.506066 176.412395 1.031307 
0.147980 60.508467 176.381241 1.031242 
0.147910 60.508591 176.337453 1.031112 
0.147797 60.514178 176.297178 1.031058 
0.147928 60.510581 176.257048 1.031264 
0.147907 60.512582 176.215606 1.031309 
0.147975 60.518632 176.178634 1.031284 
0.147721 60.516839 176.139559 1.031290 
0.147975 60.517905 176.103301 1.031359 
0.147871 60.524392 176.062472 1.031268 
0.147853 60.525924 176.029647 1.031254 
0.148109 60.530275 175.983617 1.031314 
0.148261 60.534595 175.948624 1.031524 
0.147982 60.544851 175.915939 1.031379 
0.147839 60.545919 175.881749 1.031304 
0.148350 60.544540 175.847889 1.031429 
0.148065 60.544048 175.801976 1.031216 
0.148044 60.552361 175.771270 1.031098 
0.148290 60.555140 175.734576 1.031107 
0.148327 60.552442 175.693337 1.031373 
0.148209 60.561461 175.665519 1.031113 
0.148327 60.561309 175.632153 1.031295 
0.148314 60.563834 175.600279 1.031169 
0.148488 60.573901 175.560671 1.031208 
0.148602 60.575522 175.537150 1.031220 
0.148365 60.577035 175.506239 1.031126 
0.148521 60.577485 175.458593 1.031228 
0.148605 60.586612 175.431191 1.031072 
0.148477 60.587209 175.397919 1.031166 
0.148518 60.585480 175.369580 1.031157 
0.148510 60.589188 175.341087 1.031167 
0.148458 60.585601 175.313197 1.031192 
0.148604 60.590613 175.282352 1.031106 
0.148556 60.593630 175.257646 1.031314 
0.148385 60.597963 175.230393 1.031421 
0.148651 60.600729 175.191979 1.031450 
0.148325 60.602501 175.171964 1.031480 
0.148612 60.610447 175.153137 1.031404 
0.148357 60.602333 175.126914 1.031275 
0.148327 60.604674 175.100514 1.031393 
0.148333 60.596579 175.072223 1.031444 
0.148470 60.601771 175.048810 1.031415 
0.148152 60.600524 175.035300 1.031352 
0.148189 60.597804 175.008635 1.031356 
0.148003 60.600856 175.000243 1.031142 
0.148195 60.610661 174.966125 1.031320 
0.148247 60.602021 174.952683 1.031387 
0.148067 60.606412 174.933252 1.031197 
0.148010 60.601636 174.912856 1.031416 
0.147937 60.606036 174.888250 1.031229 
0.148188 60.603999 174.861636 1.031229 
0.147825 60.605560 174.839286 1.031184 
0.147771 60.604680 174.823556 1.031157 
0.147840 60.603952 174.789594 1.031240 
0.147969 60.610226 174.763051 1.031458 
0.147686 60.608867 174.734514 1.031365 
0.147656 60.599544 174.709215 1.031306 
0.147796 60.603536 174.678235 1.031204 
0.147545 60.604916 174.653658 1.031300 
0.147525 60.609052 174.627503 1.031351 
0.147636 60.608317 174.595879 1.031267 
0.147363 60.605666 174.564071 1.031302 
0.147470 60.604620 174.536593 1.031422 
0.147347 60.611280 174.509276 1.031329 
0.147401 60.603155 174.478894 1.031342 
0.147375 60.601095 174.452880 1.031150 
0.147450 60.606409 174.421653 1.031321 
0.147215 60.605663 174.393252 1.031205 
0.147427 60.602825 174.366477 1.031312 
0.147121 60.600741 174.344599 1.031353 
0.147362 60.602157 174.322524 1.031405 
0.147267 60.611939 174.295172 1.031262 
0.147295 60.602400 174.261224 1.031292 
0.147244 60.604426 174.233500 1.031262 
0.147335 60.607683 174.202862 1.031146 
0.147442 60.600873 174.178726 1.031196 
0.147132 60.604323 174.147488 1.031214 
0.147396 60.598530 174.130277 1.031025 
0.147397 60.602907 174.097788 1.031158 
0.147431 60.610008 174.072287 1.031177 
0.147432 60.609819 174.042538 1.031266 
0.147374 60.612690 174.022619 1.031229 
0.147302 60.612236 173.991658 1.031139 
0.147435 60.611715 173.964138 1.031185 
0.147449 60.609685 173.943014 1.031205 
0.147416 60.617288 173.914327 1.031205 
0.147407 60.616325 173.888504 1.031233 
0.147495 60.611110 173.869439 1.031157 
0.147433 60.609732 173.847725 1.031254 
0.147434 60.615366 173.816472 1.031365 
0.147536 60.614039 173.792393 1.031342 
0.147307 60.612729 173.778356 1.031278 
