0.242695 69.942087 244.536071 1.022248 
0.242561 69.943095 244.598446 1.022114 
0.242351 69.947042 244.674309 1.022345 
0.242204 69.951168 244.730926 1.022097 
0.242518 69.947348 244.806164 1.021962 
0.242533 69.946933 244.864905 1.022031 
0.242131 69.959630 244.923515 1.022263 
0.242379 69.953775 244.979959 1.022279 
0.242397 69.957672 245.049783 1.022319 
0.242263 69.957944 245.101602 1.022310 
0.242466 69.958363 245.163719 1.022334 
0.242507 69.954819 245.230838 1.022126 
0.242549 69.958238 245.287149 1.022130 
0.242209 69.962578 245.333517 1.022412 
0.242419 69.958144 245.400059 1.022454 
0.242540 69.958976 245.453800 1.022343 
0.242543 69.962226 245.508244 1.022318 
0.242457 69.958070 245.563469 1.022434 
0.242623 69.965659 245.607676 1.022139 
0.242443 69.966251 245.667968 1.022533 
0.242216 69.964954 245.716961 1.022315 
0.242349 69.963756 245.774017 1.022339 
0.242452 69.965276 245.823764 1.022298 
0.242278 69.965134 245.882222 1.022194 
0.242397 69.963083 245.926185 1.022161 
0.242231 69.965823 245.981268 1.022379 
0.242360 69.957729 246.029765 1.022302 
0.242409 69.963215 246.083842 1.022477 
0.242286 69.969356 246.139159 1.022290 
0.242554 69.970830 246.197254 1.022298 
0.242549 69.972577 246.250031 1.022373 
0.242281 69.969483 246.301830 1.022333 
0.242382 69.969673 246.356045 1.022278 
0.242386 69.964689 246.407386 1.022369 
0.242409 69.966213 246.452214 1.022218 
0.242356 69.971187 246.509870 1.022250 
0.242498 69.965880 246.559420 1.022191 
0.242468 69.960008 246.609506 1.022172 
0.242346 69.962901 246.666754 1.022325 
0.242404 69.971079 246.715689 1.022240 
0.242540 69.968631 246.763565 1.022201 
0.242337 69.969171 246.802089 1.022101 
0.242199 69.957126 246.848201 1.022296 
0.242471 69.965931 246.910644 1.022320 
0.242468 69.964315 246.940360 1.022245 
0.242507 69.962071 246.981592 1.022329 
0.242502 69.967623 247.030947 1.022413 
0.242467 69.966612 247.071086 1.022265 
0.242418 69.966975 247.114293 1.022289 
0.242529 69.969853 247.161432 1.022273 
0.242512 69.972758 247.203445 1.022048 
0.242408 69.964226 247.252940 1.022102 
0.242365 69.971909 247.292695 1.022106 
0.242476 69.969822 247.340508 1.022097 
0.241986 69.974179 247.374858 1.022011 
0.242321 69.973346 247.422388 1.022335 
0.242344 69.973235 247.462060 1.022358 
0.242223 69.969665 247.500271 1.022171 
0.242312 69.964525 247.538605 1.022449 
0.242122 69.964864 247.575601 1.022456 
0.242174 69.969039 247.615852 1.022334 
0.242019 69.967308 247.653661 1.022324 
0.241924 69.967338 247.699944 1.022306 
0.242157 69.973005 247.742284 1.022195 
0.241990 69.975998 247.783159 1.022119 
0.241905 69.968098 247.830488 1.022180 
0.242014 69.973613 247.871357 1.022175 
0.241737 69.968510 247.915502 1.022230 
0.241716 69.975171 247.958614 1.022167 
0.241776 69.974495 248.002324 1.022124 
0.241660 69.970026 248.037533 1.022298 
0.241793 69.969806 248.090293 1.022134 
0.241530 69.970180 248.137149 1.022081 
0.241500 69.969096 248.178007 1.022272 
0.241436 69.972327 248.219355 1.022150 
0.241647 69.976215 248.251865 1.022214 
0.241601 69.980341 248.294002 1.022330 
0.241534 69.978839 248.333605 1.022162 
0.241263 69.973226 248.377176 1.022235 
0.241533 69.974994 248.416110 1.022436 
0.241062 69.979337 248.454418 1.022257 
0.241267 69.972991 248.498933 1.022454 
0.241271 69.976762 248.533095 1.022195 
0.241092 69.987923 248.578184 1.022380 
0.241050 69.989123 248.614374 1.022473 
0.240812 69.986316 248.661347 1.022323 
0.240804 69.983663 248.692090 1.022219 
0.240696 69.990792 248.740470 1.022352 
0.240642 69.986205 248.784324 1.022488 
0.240607 69.988813 248.823977 1.022382 
0.240265 69.981970 248.865627 1.022288 
0.240426 69.984200 248.903745 1.022430 
0.239955 69.989751 248.948595 1.022156 
0.239851 69.986375 248.997983 1.022176 
0.239887 69.988194 249.027234 1.022205 
0.239650 69.991503 249.074310 1.022196 
0.239629 69.988149 249.112001 1.022252 
0.239528 69.994551 249.153258 1.022262 
0.239201 69.991406 249.182490 1.022252 
0.239185 69.985566 249.224206 1.022199 
0.239110 69.995827 249.271499 1.022238 
0.238831 69.990738 249.305364 1.022183 
0.238711 69.996169 249.344494 1.022260 
0.238545 69.987738 249.373281 1.022108 
0.238732 69.989451 249.420626 1.022129 
0.238478 69.990346 249.453049 1.022071 
0.238414 69.993222 249.493600 1.022241 
0.238341 69.997130 249.537564 1.022163 
0.238200 69.997057 249.566109 1.022251 
0.238234 69.997066 249.603347 1.022243 
0.237858 69.992750 249.641757 1.022079 
0.238273 69.992558 249.669466 1.022247 
0.238016 69.991279 249.703880 1.022258 
0.237945 69.989136 249.742083 1.022242 
0.237812 69.998119 249.771707 1.022322 
0.237939 69.997798 249.796653 1.022446 
0.237759 69.996735 249.826346 1.022385 
0.237711 70.002585 249.862522 1.022235 
0.237529 70.008636 249.894607 1.022163 
0.237512 70.006725 249.922740 1.022209 
0.237368 70.006519 249.969803 1.022082 
0.237427 69.996795 250.000683 1.022286 
0.237343 70.001008 250.029208 1.022323 
0.237141 70.006372 250.068508 1.022345 
0.237089 70.002243 250.090437 1.022327 
0.237112 69.997646 250.127426 1.022197 
0.237158 70.006381 250.161236 1.022097 
0.237026 70.005186 250.190877 1.022275 
0.236965 70.008688 250.233355 1.022332 
0.236906 70.004679 250.268016 1.022142 
0.237017 70.011970 250.295299 1.022294 
0.236673 70.013180 250.346814 1.022255 
0.236870 70.009021 250.377321 1.022455 
0.236828 70.007506 250.420239 1.022285 
0.236886 70.007353 250.464045 1.022304 
0.236941 70.014609 250.510829 1.022071 
0.237031 70.009664 250.552007 1.022279 
0.236944 70.010374 250.588056 1.022078 
0.237083 70.008589 250.624078 1.022121 
0.237102 70.014661 250.669690 1.022206 
0.237153 70.020338 250.707550 1.022210 
0.237035 70.020877 250.748991 1.022075 
0.237356 70.023370 250.786588 1.022204 
0.237447 70.030051 250.830794 1.022189 
0.237341 70.023364 250.881203 1.022105 
0.237508 70.026761 250.928673 1.022138 
0.237546 70.018542 250.970837 1.022107 
0.237754 70.028639 251.015415 1.022128 
0.237712 70.031234 251.071014 1.022268 
0.238108 70.036207 251.123993 1.022234 
0.237950 70.030614 251.165368 1.022387 
0.238290 70.035556 251.202305 1.022240 
0.238143 70.030482 251.239241 1.022238 
0.238435 70.037848 251.279257 1.022435 
0.238354 70.036394 251.317174 1.022355 
0.238355 70.039669 251.349175 1.022339 
0.238667 70.048962 251.392399 1.022420 
0.238494 70.041513 251.430358 1.022468 
0.238689 70.042165 251.473754 1.022243 
0.238830 70.045694 251.503792 1.022262 
0.238637 70.049976 251.548729 1.022404 
0.238864 70.052403 251.582792 1.022308 
0.238563 70.053023 251.623821 1.022317 
0.238715 70.057327 251.671801 1.022213 
0.238567 70.049510 251.705287 1.022250 
0.238557 70.055927 251.748623 1.022156 
0.238790 70.055026 251.789273 1.022319 
0.238769 70.051838 251.828311 1.022282 
0.239007 70.055382 251.874574 1.022254 
0.238893 70.063508 251.919121 1.022454 
0.238684 70.055172 251.952492 1.022299 
0.238657 70.057372 251.991407 1.022268 
0.238748 70.049055 252.027938 1.022364 
0.238687 70.047740 252.064740 1.022339 
0.238532 70.054465 252.102203 1.022227 
0.238672 70.057067 252.142320 1.022358 
0.238417 70.059850 252.175851 1.022348 
0.238467 70.056374 252.206552 1.022296 
0.238553 70.057183 252.244515 1.022185 
0.238127 70.057828 252.284805 1.022383 
0.238302 70.054573 252.304250 1.022309 
0.238399 70.056479 252.340846 1.022394 
0.238099 70.059973 252.370415 1.022204 
0.238156 70.062769 252.402856 1.022202 
0.238226 70.060612 252.425256 1.022237 
0.238125 70.056389 252.455488 1.022317 
0.237934 70.061703 252.483969 1.022269 
0.237796 70.060525 252.507477 1.022161 
0.237763 70.059908 252.528649 1.022184 
0.237682 70.061035 252.556900 1.022125 
0.237597 70.067889 252.587199 1.021929 
0.237682 70.054941 252.621224 1.021952 
0.237447 70.065804 252.643683 1.021991 
0.237091 70.060651 252.674895 1.021958 
0.237382 70.075256 252.707322 1.022208 
0.237049 70.048644 252.732634 1.022174 
0.237195 70.051413 252.757256 1.022071 
0.236506 70.071506 252.798201 1.022241 
0.236686 70.058068 252.826107 1.022208 
0.236555 70.069533 252.873655 1.022062 
