0.214945 68.033947 207.172663 1.023471 
0.209300 70.583292 213.233306 1.023188 
0.209266 70.586309 213.267529 1.023183 
0.209289 70.587446 213.301164 1.023237 
0.209376 70.589229 213.317141 1.023091 
0.209382 70.593002 213.345055 1.023232 
0.209515 70.598855 213.377099 1.023215 
0.209415 70.595509 213.401715 1.023026 
0.209260 70.599959 213.425549 1.023252 
0.209494 70.606387 213.456179 1.023052 
0.209289 70.605058 213.483198 1.023108 
0.209189 70.608724 213.520583 1.023055 
0.209552 70.612828 213.538470 1.022929 
0.209306 70.611583 213.567398 1.023027 
0.209428 70.613223 213.605078 1.023097 
0.209346 70.613148 213.630604 1.023062 
0.209470 70.621073 213.651095 1.023121 
0.209157 70.614200 213.681273 1.023142 
0.209091 70.617725 213.697692 1.023163 
0.209299 70.617993 213.729430 1.023124 
0.209194 70.614152 213.752759 1.023056 
0.209100 70.619607 213.782251 1.023100 
0.209194 70.619282 213.800257 1.023241 
0.209132 70.624685 213.831305 1.023168 
0.209008 70.618109 213.852435 1.023231 
0.209163 70.622150 213.873305 1.023179 
0.208907 70.627259 213.897302 1.023111 
0.208944 70.629419 213.929268 1.023082 
0.208718 70.632485 213.945138 1.023131 
0.208868 70.631839 213.973601 1.023122 
0.208867 70.632674 214.001052 1.022912 
0.208610 70.636516 214.022180 1.022986 
0.208912 70.635151 214.058271 1.022973 
0.208836 70.632181 214.076452 1.022991 
0.208726 70.639475 214.101668 1.022989 
0.208868 70.639523 214.129843 1.023351 
0.208845 70.647052 214.159833 1.022986 
0.208764 70.647364 214.189937 1.023151 
0.208762 70.654715 214.221771 1.023248 
0.208615 70.650696 214.250912 1.023127 
0.208799 70.651533 214.273619 1.023170 
0.208648 70.650084 214.303360 1.022966 
0.208800 70.654145 214.331582 1.023269 
0.208486 70.659055 214.353056 1.023165 
0.208403 70.658544 214.388791 1.023401 
0.208568 70.657639 214.401339 1.023221 
0.208219 70.663366 214.439417 1.023275 
0.208179 70.663242 214.472658 1.023195 
0.208252 70.670240 214.492978 1.023069 
0.208144 70.664888 214.518406 1.023010 
0.208060 70.670057 214.542455 1.023169 
0.208119 70.669548 214.576883 1.023039 
0.208035 70.673763 214.602349 1.023234 
0.208112 70.679442 214.624522 1.022992 
0.208085 70.677437 214.659434 1.023076 
0.207733 70.670531 214.687439 1.023099 
0.207915 70.678923 214.707997 1.023232 
0.207903 70.680597 214.736588 1.023094 
0.207936 70.679333 214.761127 1.022917 
0.207854 70.688227 214.792083 1.022977 
0.207926 70.680650 214.812967 1.022996 
0.207742 70.686297 214.837669 1.023434 
0.207503 70.685706 214.859299 1.023339 
0.207537 70.688176 214.888799 1.023154 
0.207600 70.690169 214.905227 1.023114 
0.207590 70.702150 214.921717 1.023030 
0.207520 70.704651 214.943124 1.023119 
0.207477 70.701298 214.951622 1.023051 
0.207415 70.709182 214.971211 1.023014 
0.207630 70.710023 214.993403 1.022908 
0.207334 70.715575 215.004235 1.022958 
0.207335 70.716139 215.026860 1.023057 
0.207240 70.722952 215.044580 1.023183 
0.207125 70.722264 215.064808 1.023156 
0.207160 70.727679 215.088768 1.023168 
0.207210 70.726892 215.100632 1.023244 
0.207250 70.731764 215.109988 1.023229 
0.207361 70.728677 215.120115 1.023271 
0.207384 70.735917 215.146478 1.023121 
0.207310 70.735184 215.153371 1.023212 
0.207331 70.733906 215.167539 1.023169 
0.207225 70.736501 215.176004 1.023026 
0.207280 70.737528 215.188111 1.023000 
0.207038 70.736568 215.205463 1.022946 
0.207437 70.739818 215.216085 1.023144 
0.206994 70.738197 215.231337 1.023185 
0.207155 70.742226 215.237036 1.023030 
0.206985 70.741434 215.248935 1.023182 
0.207055 70.739298 215.264103 1.023161 
0.207075 70.752743 215.277394 1.022986 
0.207033 70.749225 215.282505 1.023152 
0.207349 70.758206 215.288757 1.023023 
0.207187 70.755964 215.307212 1.023060 
0.206896 70.756337 215.313145 1.023196 
0.206896 70.761637 215.325885 1.023211 
0.207285 70.764518 215.338970 1.023079 
0.207210 70.756065 215.354494 1.023174 
0.207302 70.760356 215.363645 1.023135 
0.207273 70.759149 215.375989 1.023215 
0.207639 70.758063 215.391254 1.023162 
0.207457 70.767245 215.401727 1.023177 
0.207841 70.762013 215.415071 1.023072 
0.207636 70.763286 215.435783 1.023105 
0.207824 70.765822 215.445402 1.023238 
0.207911 70.760019 215.464462 1.023064 
0.208111 70.761617 215.479415 1.023113 
0.208041 70.757569 215.486248 1.023218 
0.208148 70.756220 215.502035 1.023289 
0.208481 70.757892 215.510919 1.023219 
0.208356 70.756848 215.522990 1.022950 
0.208236 70.758260 215.538861 1.022954 
0.208646 70.759628 215.545815 1.023278 
0.208900 70.754587 215.550976 1.023100 
0.208937 70.754382 215.567529 1.023091 
0.209084 70.754599 215.576480 1.022999 
0.209095 70.753189 215.591819 1.023015 
0.208989 70.754993 215.608670 1.023062 
0.209405 70.759624 215.619523 1.023079 
0.209466 70.756459 215.637290 1.023041 
0.209456 70.755792 215.654581 1.023048 
0.209551 70.755179 215.672166 1.023215 
0.209762 70.764881 215.691462 1.023174 
0.209647 70.759549 215.701428 1.023066 
0.210023 70.762762 215.726077 1.023196 
0.209869 70.755379 215.739217 1.023040 
0.210057 70.759999 215.756244 1.023055 
0.210094 70.755508 215.771734 1.023374 
0.210167 70.759259 215.792116 1.023342 
0.210455 70.764864 215.810907 1.023225 
0.210282 70.756155 215.831246 1.023111 
0.210510 70.765539 215.849780 1.023205 
0.210569 70.764724 215.882347 1.023175 
0.210563 70.762710 215.900214 1.023183 
0.211004 70.757557 215.915945 1.023251 
0.211234 70.753881 215.932232 1.023179 
0.211166 70.761204 215.956949 1.023175 
0.211177 70.753486 215.972168 1.023207 
0.211289 70.758391 215.993738 1.023205 
0.211608 70.759766 216.012726 1.023258 
0.211619 70.756095 216.034674 1.023145 
0.211679 70.756219 216.056226 1.022952 
0.211914 70.759264 216.079972 1.023148 
0.211861 70.764586 216.097475 1.023086 
0.211879 70.765403 216.112587 1.023054 
0.212195 70.754666 216.133795 1.023080 
0.212480 70.764864 216.150382 1.023097 
0.212278 70.754621 216.168285 1.023183 
0.212505 70.754722 216.179974 1.022878 
0.212768 70.763023 216.196855 1.023093 
0.213099 70.763373 216.205806 1.023199 
0.212927 70.765776 216.222827 1.023219 
0.213083 70.773421 216.241289 1.023253 
0.213045 70.771584 216.249673 1.023037 
0.213046 70.768154 216.264040 1.023176 
0.213397 70.778024 216.284134 1.023086 
0.213340 70.780484 216.298824 1.023095 
0.213597 70.780243 216.313245 1.023226 
0.213727 70.777029 216.332660 1.022973 
0.213737 70.780841 216.345368 1.023047 
0.213725 70.786908 216.363901 1.023100 
0.213884 70.782829 216.376452 1.023056 
0.213917 70.777158 216.396481 1.023218 
0.214026 70.785626 216.419354 1.023272 
0.213892 70.783448 216.432748 1.023109 
0.214197 70.790109 216.446878 1.023202 
0.214196 70.784638 216.463759 1.023189 
0.214498 70.789986 216.479429 1.023145 
0.214104 70.795090 216.503567 1.023144 
0.214385 70.795883 216.512182 1.023173 
0.214586 70.790104 216.528981 1.023140 
0.214279 70.794795 216.543373 1.023178 
0.214748 70.796972 216.558456 1.023181 
0.214504 70.802097 216.570860 1.023175 
0.214477 70.801076 216.581562 1.023137 
0.214644 70.794434 216.588207 1.023068 
0.214742 70.805268 216.600774 1.023027 
0.214470 70.803667 216.618391 1.023264 
0.214912 70.810561 216.632423 1.023129 
0.214862 70.807133 216.643303 1.023308 
0.214845 70.806468 216.645240 1.023130 
0.214721 70.814446 216.661668 1.023099 
0.214985 70.813801 216.670939 1.023047 
0.214945 70.814383 216.687268 1.023222 
0.215121 70.813231 216.696360 1.023073 
0.214698 70.808812 216.703278 1.023141 
0.214885 70.810282 216.715362 1.023169 
0.215085 70.818700 216.730694 1.023170 
0.214926 70.822813 216.739866 1.023187 
0.215104 70.826466 216.758204 1.023266 
0.215039 70.824865 216.762709 1.023375 
0.214917 70.826037 216.776577 1.023034 
0.215091 70.826182 216.787969 1.023079 
0.214984 70.830567 216.797137 1.022931 
0.215144 70.834912 216.803689 1.023051 
0.214953 70.841609 216.817389 1.022997 
0.215018 70.837179 216.823670 1.023055 
0.214840 70.832805 216.830173 1.023037 
0.214724 70.833968 216.839355 1.023178 
0.214925 70.843764 216.844792 1.023102 
0.214748 70.839593 216.854429 1.023241 
