0.166461 72.385344 174.123344 1.022392 
0.213136 72.533623 204.883999 1.022144 
0.213149 72.535307 204.967704 1.022318 
0.213305 72.535821 205.070961 1.022348 
0.213146 72.541965 205.158438 1.022141 
0.213407 72.541929 205.264786 1.022214 
0.213460 72.549254 205.362740 1.022151 
0.213563 72.551768 205.454529 1.022289 
0.213435 72.557823 205.550638 1.022145 
0.213973 72.555951 205.636941 1.022109 
0.214061 72.557420 205.745568 1.022168 
0.213998 72.565184 205.834004 1.022140 
0.214340 72.569105 205.926987 1.022165 
0.214153 72.575196 206.014482 1.022100 
0.214285 72.585025 206.093596 1.022264 
0.214453 72.582642 206.192925 1.022219 
0.214802 72.582030 206.272337 1.022286 
0.214827 72.589931 206.362301 1.022246 
0.215059 72.586630 206.450331 1.022295 
0.214931 72.592980 206.537915 1.022147 
0.215288 72.598544 206.617971 1.022227 
0.215211 72.592760 206.703089 1.022198 
0.215619 72.600550 206.787229 1.022098 
0.215516 72.606579 206.868516 1.022082 
0.215819 72.604651 206.949384 1.022178 
0.216127 72.605170 207.031285 1.022228 
0.216321 72.605205 207.112930 1.022297 
0.216357 72.606319 207.195675 1.022282 
0.216349 72.607650 207.273413 1.022295 
0.216632 72.605406 207.355748 1.022339 
0.216872 72.611510 207.434079 1.022169 
0.216890 72.603228 207.514777 1.022234 
0.217356 72.613604 207.603056 1.022143 
0.217294 72.611912 207.686100 1.022303 
0.217324 72.605321 207.767891 1.022232 
0.217660 72.612460 207.852309 1.022262 
0.217964 72.614253 207.933427 1.022198 
0.218054 72.614384 208.013982 1.022008 
0.218323 72.612114 208.097691 1.022200 
0.218251 72.612264 208.173894 1.022160 
0.218602 72.615428 208.250950 1.022208 
0.218591 72.611101 208.342214 1.022193 
0.218784 72.611352 208.426444 1.022286 
0.219145 72.614861 208.504016 1.022145 
0.218734 72.617532 208.595292 1.022207 
0.219168 72.612332 208.667069 1.022186 
0.218981 72.619277 208.749599 1.022169 
0.219108 72.615117 208.827762 1.022175 
0.218896 72.617860 208.913360 1.022263 
0.219132 72.614527 208.997225 1.022168 
0.219394 72.619005 209.075685 1.022116 
0.219171 72.614944 209.155705 1.022002 
0.219323 72.621263 209.231788 1.022213 
0.219449 72.625759 209.323204 1.022091 
0.219387 72.621444 209.400077 1.022155 
0.219271 72.612198 209.475395 1.022243 
0.219393 72.631399 209.546789 1.022100 
0.219534 72.633658 209.623115 1.022388 
0.219402 72.626512 209.703651 1.022344 
0.219343 72.629896 209.782736 1.022289 
0.219708 72.625467 209.859498 1.022254 
0.219436 72.640814 209.942459 1.022280 
0.219573 72.625195 210.016028 1.022262 
0.219633 72.629261 210.097281 1.022104 
0.219667 72.640800 210.180611 1.022039 
0.219780 72.644898 210.246597 1.022140 
0.219763 72.644853 210.329430 1.022045 
0.219762 72.645700 210.404442 1.022187 
0.219962 72.638354 210.478043 1.022162 
0.219500 72.645146 210.554860 1.022283 
0.219917 72.645848 210.625486 1.022076 
0.220197 72.645794 210.702634 1.022061 
0.219869 72.641848 210.777616 1.022062 
0.220195 72.642768 210.839757 1.022139 
0.220145 72.647982 210.905716 1.022055 
0.220222 72.645605 210.977255 1.022172 
0.220166 72.645530 211.033620 1.022253 
0.220210 72.643877 211.108632 1.022269 
0.220406 72.646858 211.156012 1.022326 
0.220543 72.650645 211.224936 1.022231 
0.220511 72.644992 211.291915 1.022390 
0.220312 72.648554 211.345292 1.022153 
0.220403 72.643267 211.412757 1.022230 
0.220395 72.646976 211.478053 1.022284 
0.220524 72.653339 211.522103 1.022161 
0.220632 72.656316 211.584787 1.022247 
0.220487 72.645525 211.638040 1.022304 
0.220468 72.652160 211.698659 1.022278 
0.220542 72.655822 211.753371 1.022278 
0.220303 72.650733 211.808930 1.022142 
0.220363 72.652963 211.855701 1.022176 
0.220477 72.658457 211.911741 1.022170 
0.220547 72.650206 211.968194 1.022246 
0.220649 72.659896 212.023213 1.022301 
0.220515 72.665167 212.077278 1.022057 
0.220405 72.658812 212.139327 1.022474 
0.220143 72.667363 212.199087 1.022425 
0.220334 72.664038 212.256854 1.022098 
0.220168 72.665170 212.305849 1.022354 
0.220342 72.668624 212.357958 1.022216 
0.220264 72.671975 212.411982 1.022287 
0.220325 72.667635 212.453986 1.022262 
0.220294 72.674746 212.513317 1.022177 
0.220167 72.678914 212.568949 1.022414 
0.220343 72.685080 212.627794 1.022214 
0.220237 72.678732 212.677103 1.022298 
0.220240 72.675730 212.733027 1.022177 
0.220246 72.683225 212.776763 1.022169 
0.219881 72.686064 212.842143 1.022252 
0.220156 72.682118 212.898994 1.022076 
0.220057 72.678895 212.950727 1.022149 
0.220166 72.685181 212.999312 1.022129 
0.220015 72.687229 213.054108 1.022029 
0.220351 72.682037 213.100498 1.022087 
0.219847 72.687756 213.152137 1.022118 
0.219984 72.688761 213.210592 1.022210 
0.220088 72.691462 213.261051 1.022124 
0.220142 72.696904 213.310547 1.022127 
0.220038 72.692121 213.353165 1.022297 
0.219819 72.691089 213.396443 1.021931 
0.219978 72.685798 213.441490 1.022045 
0.220025 72.694206 213.481834 1.022260 
0.220040 72.696895 213.520407 1.022198 
0.219576 72.693913 213.569462 1.022389 
0.219641 72.696616 213.598288 1.022264 
0.219662 72.694720 213.643026 1.022121 
0.219836 72.694491 213.678413 1.022024 
0.219671 72.696278 213.721741 1.022263 
0.219381 72.690929 213.755645 1.022147 
0.219490 72.692874 213.805293 1.022240 
0.219604 72.702447 213.833925 1.022229 
0.219195 72.693548 213.879064 1.022264 
0.219390 72.698570 213.930611 1.022226 
0.219424 72.694569 213.969109 1.022363 
0.219223 72.698607 214.002208 1.022144 
0.219159 72.696850 214.046157 1.022381 
0.219133 72.701811 214.081196 1.022080 
0.218789 72.710603 214.137819 1.022283 
0.218890 72.710372 214.176695 1.022126 
0.218821 72.707852 214.217388 1.022265 
0.218741 72.702506 214.258968 1.022395 
0.218935 72.712222 214.302571 1.022298 
0.218877 72.710102 214.347235 1.022130 
0.218893 72.705932 214.373971 1.022219 
0.218758 72.710683 214.418547 1.022250 
0.218880 72.710239 214.457364 1.022191 
0.218567 72.713867 214.497607 1.022356 
0.218649 72.716607 214.531824 1.022153 
0.218643 72.717337 214.572608 1.022245 
0.218530 72.717833 214.594277 1.022209 
0.218676 72.718324 214.633581 1.022207 
0.218329 72.720133 214.676050 1.022021 
0.218733 72.719768 214.708535 1.022168 
0.218363 72.728443 214.743228 1.022372 
0.218408 72.721493 214.785865 1.022026 
0.218152 72.721930 214.827562 1.022122 
0.218302 72.727521 214.869992 1.022089 
0.218184 72.727218 214.905412 1.022179 
0.218194 72.730216 214.945479 1.022140 
0.217927 72.720572 214.983725 1.022174 
0.218047 72.723804 215.026748 1.022096 
0.217909 72.717483 215.067613 1.022195 
0.217841 72.717971 215.100441 1.022071 
0.217666 72.717813 215.143319 1.021907 
0.217473 72.720065 215.188077 1.022031 
0.217284 72.724897 215.229534 1.022132 
0.217288 72.721630 215.259401 1.022357 
0.217355 72.731134 215.309800 1.022206 
0.217116 72.725194 215.348417 1.022108 
0.217047 72.719914 215.393514 1.022179 
0.216770 72.723919 215.426430 1.022269 
0.216915 72.722175 215.466889 1.022314 
0.216816 72.722305 215.507929 1.022372 
0.216871 72.714646 215.548723 1.022219 
0.216555 72.718655 215.583366 1.022093 
0.216535 72.721358 215.626646 1.022228 
0.216447 72.724393 215.662740 1.022245 
0.216349 72.719091 215.702873 1.022229 
0.216468 72.716193 215.725757 1.022099 
0.216278 72.719199 215.771398 1.022141 
0.216279 72.719378 215.818607 1.022266 
0.216024 72.727304 215.852525 1.022325 
0.216178 72.723712 215.889775 1.022159 
0.216105 72.726784 215.923637 1.022274 
0.216093 72.727307 215.962185 1.022195 
0.216033 72.722257 215.999492 1.022387 
0.215969 72.723126 216.043866 1.022331 
0.215947 72.732138 216.076822 1.022243 
0.215924 72.725755 216.116317 1.022359 
0.216114 72.735595 216.163376 1.022387 
0.215888 72.730029 216.199658 1.022290 
0.215679 72.724144 216.240770 1.022202 
0.215564 72.731215 216.271607 1.022167 
0.215684 72.742923 216.303667 1.022228 
0.215775 72.740452 216.341439 1.022295 
0.215497 72.744692 216.379050 1.022239 
0.215782 72.740824 216.412497 1.022147 
0.215713 72.741186 216.448816 1.022110 
0.215461 72.752740 216.487487 1.022342 
0.215545 72.748880 216.511979 1.022204 
