0.172059 71.117539 174.868445 1.023161 
0.116416 71.832883 145.547586 1.023362 
0.116389 71.834324 145.454777 1.023229 
0.116136 71.835792 145.367126 1.023201 
0.116112 71.841630 145.275747 1.023302 
0.115808 71.831876 145.181750 1.023384 
0.115725 71.838731 145.096663 1.023512 
0.115308 71.845203 145.019959 1.023211 
0.115475 71.848534 144.929929 1.023392 
0.115196 71.847075 144.837233 1.023377 
0.114969 71.853766 144.753918 1.023378 
0.114887 71.850023 144.664769 1.023341 
0.114780 71.854688 144.580211 1.023335 
0.114635 71.846800 144.497091 1.023190 
0.114284 71.851218 144.409966 1.023279 
0.114198 71.853208 144.330683 1.023475 
0.114067 71.851502 144.241209 1.023421 
0.113963 71.854725 144.154482 1.023458 
0.113702 71.854329 144.076806 1.023324 
0.113664 71.853033 143.990088 1.023418 
0.113501 71.853623 143.907366 1.023418 
0.113301 71.850915 143.827251 1.023216 
0.113065 71.849327 143.742964 1.023330 
0.112934 71.845639 143.663497 1.023369 
0.112830 71.841619 143.588214 1.023209 
0.112931 71.853775 143.509779 1.023212 
0.112553 71.844738 143.430633 1.023284 
0.112371 71.843488 143.356373 1.023293 
0.112527 71.840620 143.282755 1.023199 
0.112438 71.844742 143.201223 1.023384 
0.112328 71.840163 143.122725 1.023239 
0.112390 71.836975 143.051881 1.023129 
0.112132 71.840256 142.970980 1.023199 
0.111947 71.834002 142.899638 1.023242 
0.112081 71.841390 142.823718 1.023216 
0.112255 71.838753 142.742103 1.023278 
0.112207 71.834196 142.673281 1.023197 
0.111969 71.847310 142.602555 1.023144 
0.111986 71.833131 142.525678 1.023194 
0.111985 71.831945 142.458080 1.023130 
0.111823 71.834176 142.387282 1.023078 
0.111667 71.823227 142.322610 1.023193 
0.111810 71.830496 142.243535 1.023156 
0.111661 71.832281 142.183520 1.023099 
0.111504 71.830878 142.119827 1.023293 
0.111627 71.831531 142.046588 1.023280 
0.111545 71.825069 141.990367 1.023320 
0.111531 71.823826 141.930266 1.023200 
0.111629 71.828125 141.864010 1.023153 
0.111410 71.830244 141.800219 1.023208 
0.111587 71.833048 141.748280 1.023359 
0.111422 71.829580 141.682436 1.023319 
0.111456 71.828918 141.624619 1.023216 
0.111300 71.829859 141.557028 1.023321 
0.111451 71.826431 141.502738 1.023285 
0.111364 71.830982 141.444800 1.023115 
0.111105 71.827646 141.376056 1.023222 
0.111263 71.830101 141.315003 1.023048 
0.111391 71.821997 141.259486 1.023231 
0.111229 71.826125 141.202708 1.023146 
0.111050 71.829403 141.141561 1.023332 
0.111245 71.823548 141.096002 1.023323 
0.111185 71.824323 141.023829 1.023394 
0.111096 71.831696 140.974364 1.023360 
0.111090 71.833292 140.908791 1.023289 
0.111365 71.824450 140.856249 1.023191 
0.111103 71.831149 140.791309 1.023086 
0.111140 71.832532 140.735316 1.023271 
0.111202 71.825800 140.676435 1.023129 
0.110912 71.826506 140.625495 1.023383 
0.110918 71.831236 140.565503 1.023336 
0.110991 71.833019 140.506990 1.023159 
0.110958 71.827998 140.452642 1.023153 
0.110806 71.822951 140.390553 1.023097 
0.111006 71.831378 140.337700 1.023189 
0.110930 71.823828 140.277219 1.023302 
0.110898 71.821171 140.212409 1.023244 
0.110918 71.821349 140.153000 1.023122 
0.110802 71.819969 140.098834 1.023224 
0.111048 71.819640 140.033548 1.023131 
0.111161 71.819796 139.979184 1.023155 
0.110924 71.816672 139.919133 1.023311 
0.111173 71.820438 139.862408 1.023287 
0.110871 71.820058 139.812524 1.023111 
0.110915 71.817633 139.747917 1.023217 
0.111133 71.817788 139.688266 1.023437 
0.111167 71.816135 139.635444 1.023393 
0.111087 71.809769 139.579029 1.023357 
0.111136 71.811094 139.516204 1.023452 
0.111188 71.812080 139.460673 1.023423 
0.110874 71.811886 139.408572 1.023171 
0.111031 71.812284 139.354621 1.023312 
0.111124 71.810601 139.295404 1.023382 
0.111133 71.815556 139.240525 1.023406 
0.111235 71.809219 139.177519 1.023209 
0.111167 71.810269 139.129227 1.023358 
0.110988 71.812602 139.069905 1.023157 
0.111137 71.814046 139.020681 1.023360 
0.111031 71.810946 138.964505 1.023336 
0.111106 71.816969 138.905171 1.023335 
0.110965 71.813721 138.850025 1.023406 
0.111051 71.814721 138.796065 1.023456 
0.111189 71.813982 138.746078 1.023426 
0.110959 71.807167 138.693968 1.023384 
0.111244 71.812568 138.643081 1.023239 
0.111293 71.820406 138.586177 1.023472 
0.111227 71.815427 138.538016 1.023338 
0.110943 71.814421 138.484536 1.023392 
0.111194 71.817546 138.441937 1.023334 
0.111127 71.809347 138.380395 1.023340 
0.111070 71.810463 138.327519 1.023489 
0.111032 71.807326 138.284339 1.023360 
0.110919 71.807473 138.224629 1.023482 
0.111097 71.806428 138.178119 1.023290 
0.111102 71.811187 138.122445 1.023268 
0.110751 71.808513 138.072221 1.023267 
0.111007 71.805048 138.020259 1.023033 
0.110768 71.804230 137.970486 1.023240 
0.110852 71.805157 137.924790 1.023316 
0.110930 71.803905 137.872974 1.023098 
0.110673 71.811171 137.830877 1.023354 
0.110834 71.800141 137.775040 1.023329 
0.110560 71.803342 137.727785 1.023200 
0.110522 71.799933 137.682611 1.023328 
0.110691 71.804497 137.630153 1.023267 
0.110602 71.803988 137.575905 1.023593 
0.110564 71.800333 137.534881 1.023391 
0.110431 71.807507 137.487466 1.023367 
0.110651 71.805527 137.439784 1.023317 
0.110596 71.802943 137.397335 1.023342 
0.110226 71.805723 137.347283 1.023365 
0.110524 71.801055 137.293418 1.023426 
0.110441 71.804784 137.247711 1.023312 
0.110609 71.800954 137.196023 1.023312 
0.110332 71.805662 137.148675 1.023089 
0.110375 71.811675 137.097708 1.023138 
0.110323 71.812646 137.048392 1.023081 
0.110473 71.816379 136.997773 1.023214 
0.110145 71.813762 136.957010 1.023259 
0.110356 71.813669 136.902581 1.023464 
0.110336 71.818494 136.850207 1.023247 
0.110199 71.824503 136.799468 1.023404 
0.110280 71.820874 136.748699 1.023514 
0.110253 71.819923 136.704547 1.023595 
0.110310 71.822141 136.663746 1.023415 
0.110315 71.824205 136.617552 1.023463 
0.110341 71.823938 136.564001 1.023343 
0.110276 71.820972 136.522866 1.023306 
0.110369 71.831326 136.474835 1.023067 
0.110255 71.828788 136.438593 1.023401 
0.110454 71.831961 136.402553 1.023508 
0.110345 71.826030 136.371806 1.023355 
0.110175 71.822582 136.329837 1.023246 
0.110425 71.833638 136.287566 1.023425 
0.110308 71.824238 136.258258 1.023507 
0.110172 71.828354 136.209902 1.023497 
0.109991 71.831742 136.172878 1.023442 
0.110140 71.830194 136.130439 1.023351 
0.110184 71.827098 136.081819 1.023327 
0.110013 71.821998 136.042481 1.023530 
0.109836 71.830904 136.004175 1.023341 
0.109970 71.841294 135.964204 1.023418 
0.109838 71.834606 135.920361 1.023507 
0.109820 71.836810 135.874595 1.023256 
0.109770 71.838111 135.834026 1.023495 
0.109475 71.841853 135.795949 1.023355 
0.109531 71.844733 135.748635 1.023438 
0.109901 71.849844 135.710479 1.023349 
0.109599 71.852482 135.669792 1.023243 
0.109638 71.852103 135.622858 1.023348 
0.109609 71.854539 135.578570 1.023280 
0.109693 71.864171 135.534447 1.023358 
0.109541 71.862591 135.488683 1.023376 
0.109665 71.875604 135.450197 1.023005 
0.109443 71.874536 135.420201 1.023301 
0.109513 71.875106 135.375254 1.023477 
0.109656 71.878480 135.332932 1.023423 
0.109270 71.883800 135.291662 1.023357 
0.109540 71.885305 135.244856 1.023355 
0.109352 71.885367 135.209543 1.023296 
0.109333 71.890929 135.172916 1.023327 
0.109331 71.890911 135.142661 1.023269 
0.109219 71.893119 135.095646 1.023213 
0.109178 71.895203 135.067015 1.023168 
0.109278 71.901087 135.028713 1.023387 
0.109170 71.896276 134.988116 1.023441 
0.109192 71.898475 134.957137 1.023248 
0.109174 71.893867 134.919180 1.023312 
0.109126 71.901786 134.883419 1.023277 
0.109264 71.902087 134.856408 1.023271 
0.109204 71.908819 134.812711 1.023455 
0.109454 71.905066 134.778904 1.023547 
0.109221 71.914192 134.741534 1.023412 
0.109224 71.910575 134.711557 1.023477 
0.109215 71.920195 134.674602 1.023219 
0.109281 71.920229 134.630606 1.023290 
0.109323 71.910757 134.588702 1.023243 
0.109316 71.916790 134.560798 1.023077 
0.109268 71.921952 134.517629 1.023261 
0.109022 71.919294 134.486095 1.023062 
